20.25 0.0395688
20.2498 0.0787843
20.2497 0.117999
20.2494 0.157214
20.249 0.196428
20.2486 0.235642
20.2481 0.274854
20.2476 0.314066
20.2469 0.353276
20.2462 0.392485
20.2454 0.431693
20.2445 0.470899
20.2436 0.510103
20.2425 0.549305
20.2414 0.588506
20.2403 0.627704
20.239 0.666899
20.2377 0.706092
20.2363 0.745283
20.2348 0.78447
20.2332 0.823655
20.2316 0.862837
20.2299 0.902015
20.2281 0.94119
20.2263 0.980362
20.2243 1.01953
20.2223 1.05869
20.2202 1.09785
20.2181 1.13701
20.2158 1.17616
20.2135 1.21531
20.2111 1.25445
20.2086 1.29359
20.2061 1.33272
20.2035 1.37185
20.2008 1.41097
20.198 1.45009
20.1952 1.4892
20.1922 1.52831
20.1892 1.56741
20.1862 1.60651
20.1457 1.62031
20.1046 1.64239
20.0634 1.66447
20.0222 1.68655
19.981 1.70863
19.9397 1.7307
19.8984 1.75277
19.8571 1.77484
19.8158 1.7969
19.7744 1.81896
19.7329 1.84102
19.6915 1.86307
19.65 1.88513
19.6085 1.90717
19.5669 1.92922
19.5253 1.95126
19.4837 1.9733
19.442 1.99533
19.4003 2.01737
19.3586 2.03939
19.3168 2.06142
19.275 2.08344
19.2331 2.10545
19.1913 2.12747
19.1493 2.14948
19.1074 2.17148
19.0654 2.19348
19.0234 2.21548
18.9813 2.23747
18.9392 2.25945
18.8971 2.28144
18.8549 2.30342
18.8127 2.32539
18.7705 2.34736
18.7282 2.36932
18.6858 2.39128
18.6435 2.41324
18.6011 2.43518
18.5586 2.45713
18.5162 2.47907
18.4736 2.501
18.4311 2.52293
18.3885 2.54485
18.3458 2.56677
18.3031 2.58868
18.2604 2.61058
18.2176 2.63248
18.1748 2.65438
18.132 2.67627
18.0891 2.69815
18.0462 2.72002
18.0462 2.72002
18.0807 2.75358
18.1153 2.78713
18.1498 2.82068
18.1842 2.85421
18.2186 2.88775
18.253 2.92127
18.2873 2.95479
18.3216 2.9883
18.3559 3.02181
18.3901 3.05531
18.4242 3.0888
18.4584 3.12229
18.4925 3.15577
18.5265 3.18924
18.5605 3.22271
18.5945 3.25617
18.6284 3.28962
18.6623 3.32307
18.6962 3.3565
18.73 3.38994
18.7638 3.42336
18.7975 3.45678
18.8313 3.49019
18.8649 3.5236
18.8986 3.557
18.9322 3.59039
18.9657 3.62377
18.9993 3.65715
19.0328 3.69052
19.0662 3.72389
19.0996 3.75725
19.133 3.7906
19.1664 3.82394
19.1997 3.85728
19.233 3.89061
19.2662 3.92393
19.2995 3.95725
19.3326 3.99056
19.3658 4.02386
19.3989 4.05716
19.432 4.09045
19.465 4.12373
19.4981 4.157
19.531 4.19027
19.564 4.22353
19.5969 4.25679
19.6298 4.29003
19.6627 4.32328
19.6955 4.35651
19.7283 4.38974
19.7629 4.41485
19.7543 4.45311
19.7456 4.49136
19.7369 4.52959
19.7281 4.5678
19.7192 4.606
19.7103 4.64418
19.7012 4.68234
19.6921 4.72048
19.6829 4.75861
19.6737 4.79672
19.6644 4.83481
19.655 4.87288
19.6455 4.91093
19.6359 4.94897
19.6263 4.98699
19.6166 5.02499
19.6069 5.06297
19.597 5.10093
19.5871 5.13887
19.5771 5.17679
19.5671 5.21469
19.5569 5.25258
19.5467 5.29044
19.5364 5.32828
19.5261 5.36611
19.5156 5.40391
19.5051 5.44169
19.4946 5.47946
19.4839 5.5172
19.4732 5.55492
19.4624 5.59262
19.4515 5.6303
19.4406 5.66796
19.4296 5.7056
19.4185 5.74322
19.4073 5.78081
19.3961 5.81838
19.3848 5.85593
19.3734 5.89346
19.362 5.93097
19.3386 6.00659
19.327 6.04403
19.3152 6.08145
19.3034 6.11884
19.2915 6.15621
19.2796 6.19356
19.2676 6.23089
19.2554 6.26819
19.2433 6.30547
19.231 6.34272
19.2187 6.37995
19.2063 6.41716
19.1939 6.45434
19.1813 6.4915
19.1687 6.52863
19.156 6.56574
19.1433 6.60283
19.1305 6.63989
19.1176 6.67692
19.1046 6.71393
19.0916 6.75092
19.0784 6.78787
19.0653 6.82481
19.052 6.86172
19.0387 6.8986
19.0253 6.93546
19.0118 6.97229
18.9983 7.00909
18.9847 7.04587
18.971 7.08262
18.9573 7.11935
18.9434 7.15605
18.9295 7.19272
18.9156 7.22936
18.9015 7.26598
18.8874 7.30257
18.8733 7.33914
18.859 7.37567
18.8447 7.41218
18.8303 7.44866
18.8158 7.48511
18.7731 7.48638
18.7273 7.49536
18.6815 7.50432
18.6356 7.51328
18.5897 7.52222
18.5437 7.53115
18.4978 7.54007
18.4518 7.54897
18.4058 7.55786
18.3597 7.56674
18.3136 7.57561
18.2675 7.58447
18.2213 7.59331
18.1752 7.60214
18.1289 7.61095
18.0827 7.61975
18.0364 7.62854
17.9901 7.63732
17.9438 7.64608
17.8974 7.65482
17.851 7.66356
17.8045 7.67228
17.7581 7.68098
17.7116 7.68967
17.665 7.69835
17.6185 7.70701
17.5718 7.71566
17.5252 7.72429
17.4785 7.73291
17.4318 7.74151
17.3851 7.7501
17.3383 7.75867
17.2915 7.76722
17.2446 7.77576
17.1978 7.78429
17.1508 7.79279
17.1039 7.80128
17.0569 7.80976
17.0099 7.81822
16.9628 7.82666
16.9157 7.83509
16.8686 7.84349
16.8214 7.85189
16.7742 7.86026
16.727 7.86862
16.6797 7.87695
16.6323 7.88528
16.585 7.89358
16.5376 7.90186
16.4902 7.91013
16.4427 7.91838
16.4427 7.91838
16.4658 7.96064
16.4889 8.00288
16.512 8.0451
16.5351 8.0873
16.5581 8.12949
16.581 8.17166
16.6039 8.21381
16.6268 8.25594
16.6497 8.29805
16.6725 8.34014
16.6953 8.38222
16.718 8.42428
16.7407 8.46632
16.7634 8.50834
16.786 8.55034
16.8086 8.59233
16.8312 8.6343
16.8537 8.67625
16.8762 8.71818
16.8987 8.7601
16.9211 8.802
16.9435 8.84388
16.9659 8.88574
16.9882 8.92759
17.0105 8.96942
17.0328 9.01123
17.055 9.05303
17.0772 9.09481
17.0994 9.13657
17.1215 9.17831
17.1436 9.22004
17.1657 9.26175
17.1877 9.30344
17.2098 9.34512
17.2317 9.38678
17.2537 9.42842
17.2756 9.47005
17.2975 9.51166
17.3194 9.55326
17.3412 9.59484
17.363 9.6364
17.3848 9.67794
17.4065 9.71947
17.4282 9.76099
17.4499 9.80248
17.4716 9.84397
17.4932 9.88543
17.5148 9.92688
17.5364 9.96831
17.5579 10.0097
17.5836 10.0439
17.5641 10.078
17.5445 10.1119
17.5249 10.1459
17.5052 10.1798
17.4855 10.2137
17.4657 10.2475
17.4458 10.2814
17.4259 10.3151
17.4059 10.3488
17.3858 10.3825
17.3656 10.4162
17.3454 10.4498
17.3252 10.4834
17.3048 10.5169
17.2844 10.5504
17.264 10.5838
17.2434 10.6173
17.2229 10.6506
17.2022 10.684
17.1815 10.7173
17.1607 10.7505
17.1398 10.7837
17.1189 10.8169
17.0979 10.85
17.0769 10.8831
17.0558 10.9162
17.0346 10.9492
17.0134 10.9821
16.9921 11.0151
16.9707 11.048
16.9493 11.0808
16.9278 11.1136
16.9062 11.1464
16.8846 11.1791
16.8629 11.2118
16.8412 11.2444
16.8194 11.277
16.7975 11.3095
16.7756 11.3421
16.7536 11.3745
16.709 11.4399
16.6868 11.4722
16.6646 11.5045
16.6423 11.5368
16.6199 11.569
16.5975 11.6012
16.575 11.6333
16.5524 11.6654
16.5298 11.6974
16.5071 11.7294
16.4844 11.7613
16.4615 11.7932
16.4387 11.8251
16.4157 11.8569
16.3928 11.8887
16.3697 11.9204
16.3466 11.9521
16.3234 11.9837
16.3002 12.0153
16.2769 12.0468
16.2535 12.0783
16.2301 12.1098
16.2066 12.1412
16.1831 12.1726
16.1595 12.2039
16.1358 12.2351
16.1121 12.2664
16.0883 12.2975
16.0644 12.3287
16.0405 12.3598
16.0166 12.3908
15.9925 12.4218
15.9685 12.4527
15.9443 12.4836
15.9201 12.5145
15.8958 12.5453
15.8715 12.5761
15.8471 12.6068
15.8227 12.6374
15.7982 12.6681
15.7736 12.6986
15.7324 12.6873
15.686 12.6823
15.6396 12.6774
15.5931 12.6724
15.5466 12.6674
15.5 12.6624
15.4535 12.6574
15.4069 12.6523
15.3603 12.6473
15.3137 12.6422
15.267 12.6371
15.2204 12.6319
15.1736 12.6268
15.1269 12.6216
15.0802 12.6164
15.0334 12.6112
14.9866 12.606
14.9397 12.6007
14.8929 12.5954
14.846 12.5901
14.799 12.5848
14.7521 12.5794
14.7051 12.574
14.6581 12.5686
14.6111 12.5632
14.564 12.5577
14.517 12.5523
14.4698 12.5468
14.4227 12.5412
14.3755 12.5357
14.3283 12.5301
14.2811 12.5245
14.2339 12.5189
14.1866 12.5133
14.1393 12.5076
14.0919 12.5019
14.0445 12.4962
13.9971 12.4904
13.9497 12.4846
13.9023 12.4788
13.8548 12.473
13.8072 12.4671
13.7597 12.4612
13.7121 12.4553
13.6645 12.4494
13.6169 12.4434
13.5692 12.4374
13.5215 12.4314
13.4738 12.4253
13.426 12.4193
13.3782 12.4132
13.3782 12.4132
13.3879 12.4604
13.3975 12.5075
13.4071 12.5547
13.4167 12.6018
13.4262 12.6489
13.4357 12.696
13.4452 12.743
13.4547 12.79
13.4641 12.837
13.4735 12.8839
13.4828 12.9308
13.4922 12.9777
13.5015 13.0246
13.5108 13.0714
13.52 13.1182
13.5292 13.165
13.5384 13.2118
13.5476 13.2585
13.5567 13.3052
13.5658 13.3519
13.5749 13.3985
13.584 13.4452
13.593 13.4918
13.602 13.5383
13.611 13.5849
13.62 13.6314
13.6289 13.6779
13.6378 13.7243
13.6467 13.7708
13.6555 13.8172
13.6643 13.8636
13.6731 13.91
13.6819 13.9563
13.6907 14.0026
13.6994 14.0489
13.7081 14.0952
13.7168 14.1414
13.7254 14.1876
13.734 14.2338
13.7426 14.28
13.7512 14.3261
13.7598 14.3722
13.7683 14.4183
13.7768 14.4644
13.7853 14.5104
13.7938 14.5565
13.8023 14.6025
13.8107 14.6484
13.8191 14.6944
13.8275 14.7403
13.8419 14.7805
13.8132 14.8073
13.7845 14.834
13.7558 14.8607
13.727 14.8873
13.6981 14.9139
13.6692 14.9404
13.6403 14.9668
13.6112 14.9932
13.5822 15.0195
13.5531 15.0458
13.5239 15.072
13.4947 15.0982
13.4654 15.1243
13.4361 15.1504
13.4068 15.1763
13.3773 15.2023
13.3479 15.2282
13.3184 15.254
13.2888 15.2797
13.2592 15.3054
13.2295 15.3311
13.1998 15.3567
13.17 15.3822
13.1402 15.4077
13.1104 15.4331
13.0804 15.4585
13.0505 15.4838
13.0205 15.509
12.9904 15.5342
12.9603 15.5593
12.9302 15.5844
12.8999 15.6094
12.8697 15.6344
12.8394 15.6593
12.809 15.6841
12.7786 15.7089
12.7482 15.7336
12.7177 15.7582
12.6872 15.7828
12.6566 15.8074
12.5947 15.8567
12.564 15.8811
12.5332 15.9054
12.5024 15.9296
12.4715 15.9538
12.4406 15.9779
12.4096 16.002
12.3786 16.026
12.3475 16.0499
12.3164 16.0738
12.2853 16.0976
12.2541 16.1214
12.2228 16.1451
12.1916 16.1687
12.1602 16.1923
12.1288 16.2158
12.0974 16.2393
12.0659 16.2627
12.0344 16.286
12.0029 16.3093
11.9713 16.3325
11.9396 16.3557
11.9079 16.3788
11.8762 16.4018
11.8444 16.4248
11.8126 16.4477
11.7807 16.4705
11.7488 16.4933
11.7168 16.516
11.6848 16.5387
11.6527 16.5613
11.6206 16.5838
11.5885 16.6063
11.5563 16.6287
11.5241 16.6511
11.4918 16.6733
11.4595 16.6956
11.4272 16.7177
11.3948 16.7398
11.3623 16.7619
11.3299 16.7838
11.2938 16.7608
11.2509 16.7424
11.208 16.724
11.1651 16.7056
11.1221 16.6871
11.0791 16.6686
11.0361 16.6501
10.9931 16.6315
10.95 16.6129
10.907 16.5943
10.8639 16.5757
10.8208 16.557
10.7777 16.5383
10.7346 16.5196
10.6914 16.5009
10.6483 16.4821
10.6051 16.4633
10.5619 16.4444
10.5186 16.4256
10.4754 16.4067
10.4321 16.3877
10.3889 16.3688
10.3456 16.3498
10.3022 16.3308
10.2589 16.3117
10.2155 16.2927
10.1722 16.2736
10.1288 16.2544
10.0853 16.2352
10.0419 16.216
9.99845 16.1968
9.95497 16.1775
9.91147 16.1582
9.86795 16.1389
9.82441 16.1195
9.78086 16.1001
9.73728 16.0807
9.69368 16.0612
9.65006 16.0417
9.60642 16.0222
9.56276 16.0026
9.51908 15.983
9.47538 15.9634
9.43165 15.9437
9.38791 15.924
9.34414 15.9042
9.30036 15.8845
9.25655 15.8646
9.21272 15.8448
9.16887 15.8249
9.125 15.805
9.125 15.805
9.12032 15.8529
9.11562 15.9008
9.1109 15.9487
9.10616 15.9966
9.1014 16.0444
9.09662 16.0922
9.09182 16.1399
9.087 16.1876
9.08215 16.2353
9.07729 16.2829
9.07241 16.3305
9.06751 16.3781
9.06259 16.4256
9.05765 16.4731
9.05269 16.5205
9.04771 16.568
9.04271 16.6153
9.0377 16.6627
9.03266 16.71
9.02761 16.7573
9.02254 16.8046
9.01746 16.8518
9.01235 16.899
9.00723 16.9461
9.00209 16.9932
8.99693 17.0403
8.99176 17.0874
8.98657 17.1344
8.98136 17.1814
8.97614 17.2284
8.97089 17.2753
8.96564 17.3222
8.96036 17.3691
8.95507 17.4159
8.94977 17.4627
8.94445 17.5095
8.93911 17.5562
8.93376 17.6029
8.92839 17.6496
8.92301 17.6963
8.91761 17.7429
8.91219 17.7895
8.90677 17.836
8.90132 17.8826
8.89587 17.9291
8.89039 17.9756
8.88491 18.022
8.87941 18.0684
8.87389 18.1148
8.86836 18.1612
8.87029 18.2039
8.83502 18.221
8.79972 18.2381
8.76438 18.2551
8.72901 18.272
8.69361 18.2889
8.65818 18.3057
8.62271 18.3224
8.58721 18.3391
8.55168 18.3557
8.51612 18.3722
8.48052 18.3887
8.4449 18.4051
8.40924 18.4214
8.37355 18.4376
8.33783 18.4538
8.30207 18.4699
8.26629 18.486
8.23047 18.5019
8.19463 18.5178
8.15875 18.5337
8.12285 18.5494
8.08691 18.5651
8.05094 18.5808
8.01494 18.5963
7.97891 18.6118
7.94286 18.6272
7.90677 18.6426
7.87065 18.6579
7.8345 18.6731
7.79833 18.6882
7.76212 18.7033
7.72589 18.7183
7.68962 18.7332
7.65333 18.748
7.61701 18.7628
7.58066 18.7775
7.54428 18.7922
7.50787 18.8068
7.47144 18.8213
7.43498 18.8357
7.36131 18.8646
7.32476 18.8788
7.28819 18.893
7.25159 18.9071
7.21496 18.9211
7.1783 18.935
7.14162 18.9489
7.10491 18.9627
7.06817 18.9764
7.03141 18.99
6.99462 19.0036
6.95781 19.0171
6.92097 19.0306
6.8841 19.0439
6.84721 19.0572
6.81029 19.0705
6.77334 19.0836
6.73637 19.0967
6.69938 19.1097
6.66236 19.1226
6.62531 19.1355
6.58824 19.1483
6.55115 19.161
6.51403 19.1737
6.47689 19.1863
6.43972 19.1988
6.40253 19.2112
6.36531 19.2236
6.32807 19.2359
6.29081 19.2481
6.25352 19.2602
6.21621 19.2723
6.17888 19.2843
6.14152 19.2962
6.10414 19.3081
6.06674 19.3199
6.02931 19.3316
5.99186 19.3432
5.95439 19.3548
5.9169 19.3663
5.87938 19.3777
5.85176 19.3451
5.81617 19.3149
5.78058 19.2846
5.74498 19.2543
5.70936 19.224
5.67374 19.1937
5.63811 19.1633
5.60247 19.1329
5.56682 19.1024
5.53116 19.072
5.49549 19.0415
5.45982 19.0109
5.42413 18.9804
5.38843 18.9498
5.35273 18.9191
5.31701 18.8885
5.28129 18.8578
5.24555 18.827
5.20981 18.7963
5.17406 18.7654
5.1383 18.7346
5.10252 18.7037
5.06674 18.6728
5.03095 18.6419
4.99515 18.6109
4.95934 18.5799
4.92352 18.5489
4.8877 18.5178
4.85186 18.4867
4.81601 18.4555
4.78015 18.4243
4.74429 18.3931
4.70841 18.3618
4.67253 18.3305
4.63663 18.2992
4.60073 18.2678
4.56481 18.2364
4.52889 18.2049
4.49295 18.1734
4.45701 18.1419
4.42106 18.1103
4.3851 18.0787
4.34913 18.0471
4.31314 18.0154
4.27715 17.9837
4.24115 17.9519
4.20514 17.9201
4.16912 17.8882
4.13309 17.8563
4.09706 17.8244
4.06101 17.7924
4.06101 17.7924
4.0424 17.8369
4.02379 17.8813
4.00516 17.9257
3.98653 17.97
3.96789 18.0143
3.94924 18.0585
3.93058 18.1027
3.91191 18.1469
3.89323 18.191
3.87454 18.2351
3.85585 18.2791
3.83715 18.3231
3.81844 18.3671
3.79972 18.411
3.78099 18.4549
3.76225 18.4987
3.74351 18.5426
3.72476 18.5863
3.706 18.6301
3.68724 18.6738
3.66847 18.7174
3.64969 18.761
3.6309 18.8046
3.61211 18.8482
3.59331 18.8917
3.5745 18.9352
3.55568 18.9786
3.53686 19.022
3.51803 19.0654
3.4992 19.1087
3.48036 19.152
3.46151 19.1953
3.44266 19.2385
3.4238 19.2817
3.40493 19.3249
3.38606 19.368
3.36718 19.4111
3.3483 19.4542
3.32941 19.4972
3.31052 19.5402
3.29161 19.5831
3.27271 19.6261
3.2538 19.669
3.23488 19.7118
3.21596 19.7546
3.19703 19.7974
3.1781 19.8402
3.15916 19.8829
3.14022 19.9256
3.12127 19.9683
3.11053 20.0097
3.07177 20.0157
3.03301 20.0216
2.99423 20.0274
2.95544 20.0332
2.91663 20.0389
2.87782 20.0445
2.839 20.05
2.80017 20.0555
2.76132 20.0608
2.72247 20.0662
2.6836 20.0714
2.64473 20.0766
2.60584 20.0816
2.56695 20.0866
2.52804 20.0916
2.48913 20.0964
2.45021 20.1012
2.41128 20.1059
2.37233 20.1106
2.33338 20.1151
2.29443 20.1196
2.25546 20.124
2.21648 20.1283
2.1775 20.1326
2.13851 20.1368
2.09951 20.1409
2.0605 20.1449
2.02148 20.1488
1.98246 20.1527
1.94343 20.1565
1.90439 20.1603
1.86534 20.1639
1.82629 20.1675
1.78723 20.171
1.74816 20.1744
1.70909 20.1777
1.67001 20.181
1.63093 20.1842
1.59184 20.1873
1.55274 20.1904
1.47382 20.1963
1.43471 20.1991
1.39559 20.2019
1.35646 20.2045
1.31733 20.2071
1.2782 20.2096
1.23906 20.2121
1.19991 20.2144
1.16077 20.2167
1.12161 20.2189
1.08245 20.221
1.04329 20.2231
1.00413 20.2251
0.964958 20.227
0.925785 20.2288
0.886609 20.2306
0.847429 20.2323
0.808246 20.2339
0.76906 20.2354
0.729872 20.2368
0.69068 20.2382
0.651486 20.2395
0.612289 20.2407
0.57309 20.2419
0.533889 20.243
0.494686 20.244
0.455481 20.2449
0.416275 20.2457
0.377067 20.2465
0.337857 20.2472
0.298646 20.2478
0.259434 20.2483
0.220221 20.2488
0.181008 20.2492
0.141793 20.2495
0.102578 20.2497
0.0633629 20.2499
0.0241473 20.25
-0.0150684 20.25
-0.054284 20.2499
-0.0934994 20.2498
-0.110284 20.2105
-0.13538 20.1711
-0.160476 20.1317
-0.185571 20.0923
-0.210666 20.0528
-0.235761 20.0133
-0.260855 19.9738
-0.285949 19.9342
-0.311042 19.8946
-0.336135 19.855
-0.361227 19.8153
-0.386319 19.7756
-0.41141 19.7359
-0.4365 19.6961
-0.46159 19.6563
-0.486679 19.6165
-0.511766 19.5766
-0.536853 19.5367
-0.561939 19.4968
-0.587024 19.4568
-0.612108 19.4168
-0.637191 19.3768
-0.662273 19.3367
-0.687353 19.2966
-0.712432 19.2564
-0.73751 19.2162
-0.762586 19.176
-0.787661 19.1358
-0.812734 19.0955
-0.837806 19.0551
-0.862876 19.0147
-0.887945 18.9743
-0.913011 18.9339
-0.938076 18.8934
-0.963139 18.8529
-0.988199 18.8123
-1.01326 18.7717
-1.03831 18.731
-1.06337 18.6904
-1.08842 18.6496
-1.11347 18.6089
-1.13852 18.5681
-1.16356 18.5272
-1.18861 18.4863
-1.21365 18.4454
-1.23868 18.4044
-1.26372 18.3634
-1.28875 18.3224
-1.31378 18.2813
-1.3388 18.2401
-1.36382 18.199
-1.36382 18.199
-1.3947 18.236
-1.42558 18.2729
-1.45645 18.3098
-1.48733 18.3467
-1.51819 18.3835
-1.54906 18.4203
-1.57992 18.457
-1.61077 18.4937
-1.64162 18.5304
-1.67247 18.567
-1.70332 18.6036
-1.73416 18.6401
-1.765 18.6766
-1.79583 18.713
-1.82667 18.7495
-1.85749 18.7858
-1.88832 18.8222
-1.91914 18.8585
-1.94995 18.8947
-1.98076 18.931
-2.01157 18.9672
-2.04237 19.0033
-2.07317 19.0394
-2.10397 19.0755
-2.13476 19.1115
-2.16555 19.1475
-2.19633 19.1835
-2.22711 19.2194
-2.25789 19.2553
-2.28866 19.2912
-2.31942 19.327
-2.35019 19.3628
-2.38094 19.3985
-2.4117 19.4343
-2.44245 19.4699
-2.47319 19.5056
-2.50393 19.5412
-2.53467 19.5768
-2.5654 19.6123
-2.59613 19.6479
-2.62685 19.6833
-2.65757 19.7188
-2.68829 19.7542
-2.719 19.7896
-2.7497 19.8249
-2.7804 19.8602
-2.8111 19.8955
-2.84179 19.9308
-2.87248 19.966
-2.90316 20.0012
-2.92562 20.0375
-2.96442 20.0318
-3.0032 20.0261
-3.04198 20.0202
-3.08075 20.0143
-3.1195 20.0083
-3.15824 20.0022
-3.19697 19.996
-3.23569 19.9898
-3.27439 19.9835
-3.31309 19.9771
-3.35177 19.9707
-3.39044 19.9642
-3.42909 19.9576
-3.46774 19.9509
-3.50637 19.9441
-3.54498 19.9373
-3.58359 19.9304
-3.62218 19.9234
-3.66075 19.9164
-3.69932 19.9092
-3.73786 19.902
-3.7764 19.8948
-3.81492 19.8874
-3.85343 19.88
-3.89192 19.8725
-3.9304 19.8649
-3.96886 19.8573
-4.00731 19.8495
-4.04574 19.8417
-4.08416 19.8339
-4.12256 19.8259
-4.16094 19.8179
-4.19932 19.8098
-4.23767 19.8016
-4.27601 19.7934
-4.31433 19.7851
-4.35264 19.7767
-4.39093 19.7682
-4.42921 19.7597
-4.46746 19.7511
-4.54462 19.7334
-4.58282 19.7246
-4.62101 19.7157
-4.65919 19.7067
-4.69734 19.6977
-4.73548 19.6885
-4.7736 19.6793
-4.8117 19.67
-4.84978 19.6607
-4.88785 19.6512
-4.92589 19.6417
-4.96392 19.6322
-5.00193 19.6225
-5.03992 19.6128
-5.0779 19.603
-5.11585 19.5931
-5.15378 19.5832
-5.1917 19.5732
-5.22959 19.5631
-5.26747 19.5529
-5.30532 19.5427
-5.34316 19.5324
-5.38098 19.522
-5.41877 19.5115
-5.45655 19.501
-5.4943 19.4904
-5.53204 19.4797
-5.56975 19.469
-5.60744 19.4581
-5.64511 19.4472
-5.68276 19.4363
-5.72039 19.4252
-5.758 19.4141
-5.79559 19.4029
-5.83315 19.3917
-5.87069 19.3803
-5.90822 19.3689
-5.94571 19.3575
-5.98319 19.3459
-6.02064 19.3343
-6.05807 19.3226
-6.06253 19.2801
-6.07491 19.2351
-6.08727 19.19
-6.09963 19.1449
-6.11198 19.0998
-6.12432 19.0547
-6.13664 19.0095
-6.14896 18.9643
-6.16127 18.9191
-6.17356 18.8738
-6.18585 18.8285
-6.19813 18.7832
-6.21039 18.7378
-6.22265 18.6924
-6.23489 18.647
-6.24713 18.6016
-6.25935 18.5561
-6.27156 18.5105
-6.28376 18.465
-6.29595 18.4194
-6.30812 18.3738
-6.32029 18.3281
-6.33244 18.2824
-6.34458 18.2367
-6.35671 18.1909
-6.36883 18.1451
-6.38094 18.0993
-6.39303 18.0534
-6.40511 18.0075
-6.41718 17.9616
-6.42924 17.9156
-6.44128 17.8696
-6.45331 17.8236
-6.46533 17.7775
-6.47733 17.7314
-6.48932 17.6852
-6.5013 17.6391
-6.51326 17.5928
-6.52521 17.5466
-6.53714 17.5003
-6.54906 17.4539
-6.56097 17.4076
-6.57286 17.3611
-6.58474 17.3147
-6.59661 17.2682
-6.60846 17.2217
-6.62029 17.1751
-6.63211 17.1285
-6.64391 17.0819
-6.6557 17.0352
-6.66747 16.9884
-6.66747 16.9884
-6.70788 17.0147
-6.74828 17.0409
-6.78866 17.0671
-6.82902 17.0932
-6.86937 17.1193
-6.90971 17.1453
-6.95002 17.1713
-6.99033 17.1973
-7.03061 17.2232
-7.07088 17.2491
-7.11114 17.275
-7.15138 17.3008
-7.19161 17.3266
-7.23182 17.3523
-7.27201 17.3781
-7.31219 17.4037
-7.35236 17.4294
-7.39251 17.455
-7.43264 17.4805
-7.47276 17.5061
-7.51287 17.5316
-7.55296 17.557
-7.59304 17.5825
-7.6331 17.6079
-7.67314 17.6332
-7.71317 17.6586
-7.75319 17.6839
-7.79319 17.7091
-7.83318 17.7343
-7.87315 17.7595
-7.91311 17.7847
-7.95306 17.8098
-7.99299 17.8349
-8.0329 17.86
-8.0728 17.885
-8.11269 17.91
-8.15256 17.935
-8.19242 17.9599
-8.23227 17.9849
-8.2721 18.0097
-8.31191 18.0346
-8.35172 18.0594
-8.3915 18.0842
-8.43128 18.1089
-8.47104 18.1337
-8.51079 18.1584
-8.55052 18.183
-8.59024 18.2077
-8.62995 18.2323
-8.66964 18.2569
-8.70181 18.285
-8.73721 18.2681
-8.77257 18.2512
-8.8079 18.2341
-8.84319 18.217
-8.87845 18.1999
-8.91368 18.1827
-8.94888 18.1654
-8.98404 18.148
-9.01917 18.1306
-9.05426 18.1131
-9.08932 18.0955
-9.12435 18.0779
-9.15934 18.0601
-9.1943 18.0424
-9.22922 18.0245
-9.26411 18.0066
-9.29896 17.9887
-9.33378 17.9706
-9.36857 17.9525
-9.40331 17.9343
-9.43803 17.9161
-9.47271 17.8978
-9.50735 17.8794
-9.54196 17.861
-9.57653 17.8424
-9.61106 17.8239
-9.64556 17.8052
-9.68002 17.7865
-9.71445 17.7677
-9.74884 17.7489
-9.7832 17.73
-9.81751 17.711
-9.85179 17.6919
-9.88604 17.6728
-9.92024 17.6536
-9.95441 17.6344
-9.98854 17.6151
-10.0226 17.5957
-10.0567 17.5763
-10.0907 17.5568
-10.1592 17.5172
-10.1932 17.4975
-10.227 17.4777
-10.2608 17.4579
-10.2946 17.438
-10.3284 17.418
-10.3621 17.398
-10.3958 17.3779
-10.4294 17.3577
-10.463 17.3375
-10.4966 17.3172
-10.5301 17.2968
-10.5635 17.2764
-10.597 17.2559
-10.6304 17.2354
-10.6637 17.2147
-10.6971 17.1941
-10.7303 17.1733
-10.7636 17.1525
-10.7968 17.1316
-10.8299 17.1107
-10.863 17.0897
-10.8961 17.0686
-10.9292 17.0475
-10.9621 17.0263
-10.9951 17.005
-11.028 16.9837
-11.0609 16.9623
-11.0937 16.9408
-11.1265 16.9193
-11.1592 16.8977
-11.1919 16.8761
-11.2246 16.8544
-11.2572 16.8326
-11.2898 16.8108
-11.3223 16.7889
-11.3548 16.7669
-11.3873 16.7449
-11.4197 16.7228
-11.452 16.7007
-11.4844 16.6785
-11.4761 16.6366
-11.4746 16.5899
-11.4732 16.5432
-11.4717 16.4965
-11.4702 16.4497
-11.4687 16.403
-11.4672 16.3562
-11.4656 16.3093
-11.464 16.2625
-11.4624 16.2156
-11.4608 16.1687
-11.4592 16.1218
-11.4576 16.0748
-11.4559 16.0278
-11.4542 15.9808
-11.4525 15.9338
-11.4508 15.8867
-11.449 15.8396
-11.4472 15.7925
-11.4454 15.7453
-11.4436 15.6981
-11.4418 15.6509
-11.4399 15.6037
-11.4381 15.5564
-11.4362 15.5091
-11.4343 15.4618
-11.4323 15.4144
-11.4304 15.367
-11.4284 15.3196
-11.4264 15.2721
-11.4243 15.2246
-11.4223 15.1771
-11.4202 15.1296
-11.4181 15.082
-11.416 15.0344
-11.4138 14.9868
-11.4117 14.9391
-11.4095 14.8914
-11.4073 14.8437
-11.405 14.7959
-11.4027 14.7481
-11.4005 14.7003
-11.3981 14.6525
-11.3958 14.6046
-11.3934 14.5566
-11.391 14.5087
-11.3886 14.4607
-11.3862 14.4127
-11.3837 14.3646
-11.3812 14.3165
-11.3787 14.2684
-11.3787 14.2684
-11.425 14.2816
-11.4714 14.2947
-11.5177 14.3078
-11.5639 14.3209
-11.6102 14.3339
-11.6564 14.3469
-11.7026 14.3599
-11.7488 14.3728
-11.7949 14.3857
-11.841 14.3986
-11.8871 14.4115
-11.9332 14.4243
-11.9792 14.4371
-12.0252 14.4498
-12.0712 14.4625
-12.1172 14.4752
-12.1631 14.4879
-12.209 14.5005
-12.2549 14.5131
-12.3008 14.5257
-12.3466 14.5382
-12.3924 14.5508
-12.4382 14.5632
-12.484 14.5757
-12.5297 14.5881
-12.5755 14.6005
-12.6211 14.6129
-12.6668 14.6253
-12.7125 14.6376
-12.7581 14.6499
-12.8037 14.6621
-12.8493 14.6744
-12.8948 14.6866
-12.9403 14.6988
-12.9859 14.7109
-13.0313 14.7231
-13.0768 14.7352
-13.1222 14.7473
-13.1677 14.7593
-13.2131 14.7714
-13.2584 14.7834
-13.3038 14.7954
-13.3491 14.8073
-13.3944 14.8192
-13.4397 14.8312
-13.4849 14.843
-13.5302 14.8549
-13.5754 14.8667
-13.6206 14.8786
-13.6658 14.8903
-13.7048 14.9077
-13.7337 14.8812
-13.7624 14.8545
-13.7912 14.8279
-13.8199 14.8011
-13.8485 14.7743
-13.8771 14.7475
-13.9056 14.7206
-13.9341 14.6936
-13.9625 14.6666
-13.9909 14.6396
-14.0192 14.6124
-14.0475 14.5853
-14.0757 14.558
-14.1039 14.5307
-14.132 14.5034
-14.1601 14.476
-14.1881 14.4486
-14.216 14.4211
-14.2439 14.3935
-14.2718 14.3659
-14.2996 14.3382
-14.3273 14.3105
-14.355 14.2827
-14.3826 14.2549
-14.4102 14.227
-14.4377 14.1991
-14.4652 14.1711
-14.4926 14.1431
-14.52 14.115
-14.5473 14.0868
-14.5746 14.0586
-14.6018 14.0304
-14.6289 14.0021
-14.656 13.9737
-14.683 13.9453
-14.71 13.9168
-14.7369 13.8883
-14.7638 13.8598
-14.7906 13.8311
-14.8174 13.8025
-14.8712 13.7445
-14.8978 13.7156
-14.9243 13.6868
-14.9508 13.6578
-14.9772 13.6289
-15.0036 13.5998
-15.0299 13.5707
-15.0561 13.5416
-15.0823 13.5124
-15.1085 13.4832
-15.1346 13.4539
-15.1606 13.4246
-15.1865 13.3952
-15.2125 13.3658
-15.2383 13.3363
-15.2641 13.3067
-15.2899 13.2772
-15.3155 13.2475
-15.3412 13.2178
-15.3667 13.1881
-15.3922 13.1583
-15.4177 13.1285
-15.4431 13.0986
-15.4684 13.0687
-15.4937 13.0387
-15.5189 13.0087
-15.5441 12.9786
-15.5692 12.9485
-15.5942 12.9183
-15.6192 12.8881
-15.6442 12.8578
-15.669 12.8275
-15.6938 12.7971
-15.7186 12.7667
-15.7433 12.7362
-15.7679 12.7057
-15.7925 12.6751
-15.817 12.6445
-15.8415 12.6139
-15.8659 12.5832
-15.8902 12.5524
-15.87 12.5148
-15.8548 12.4706
-15.8397 12.4265
-15.8245 12.3822
-15.8093 12.338
-15.794 12.2938
-15.7788 12.2495
-15.7635 12.2052
-15.7482 12.1609
-15.7328 12.1166
-15.7175 12.0722
-15.7021 12.0279
-15.6867 11.9835
-15.6712 11.9391
-15.6557 11.8946
-15.6402 11.8502
-15.6247 11.8057
-15.6092 11.7612
-15.5936 11.7167
-15.578 11.6722
-15.5623 11.6276
-15.5467 11.583
-15.531 11.5385
-15.5152 11.4938
-15.4995 11.4492
-15.4837 11.4045
-15.4679 11.3598
-15.452 11.3151
-15.4362 11.2704
-15.4203 11.2256
-15.4043 11.1809
-15.3884 11.1361
-15.3724 11.0913
-15.3563 11.0464
-15.3403 11.0016
-15.3242 10.9567
-15.3081 10.9118
-15.2919 10.8668
-15.2757 10.8219
-15.2595 10.7769
-15.2432 10.7319
-15.227 10.6869
-15.2106 10.6418
-15.1943 10.5968
-15.1779 10.5517
-15.1615 10.5065
-15.145 10.4614
-15.1285 10.4162
-15.112 10.371
-15.0955 10.3258
-15.0789 10.2806
-15.0789 10.2806
-15.127 10.2795
-15.1752 10.2784
-15.2233 10.2773
-15.2713 10.2761
-15.3194 10.275
-15.3674 10.2738
-15.4153 10.2725
-15.4633 10.2713
-15.5112 10.27
-15.559 10.2687
-15.6069 10.2674
-15.6546 10.2661
-15.7024 10.2647
-15.7501 10.2634
-15.7978 10.262
-15.8455 10.2605
-15.8931 10.2591
-15.9407 10.2576
-15.9883 10.2561
-16.0358 10.2546
-16.0833 10.2531
-16.1308 10.2516
-16.1782 10.25
-16.2256 10.2484
-16.273 10.2468
-16.3203 10.2452
-16.3677 10.2436
-16.4149 10.2419
-16.4622 10.2402
-16.5094 10.2385
-16.5566 10.2368
-16.6038 10.2351
-16.6509 10.2333
-16.698 10.2315
-16.7451 10.2297
-16.7921 10.2279
-16.8391 10.2261
-16.8861 10.2242
-16.933 10.2224
-16.98 10.2205
-17.0269 10.2186
-17.0737 10.2167
-17.1206 10.2148
-17.1674 10.2128
-17.2142 10.2108
-17.2609 10.2088
-17.3076 10.2068
-17.3543 10.2048
-17.401 10.2028
-17.4476 10.2008
-17.4901 10.2059
-17.5098 10.172
-17.5295 10.138
-17.5491 10.1041
-17.5686 10.0701
-17.5881 10.036
-17.6075 10.002
-17.6268 9.96784
-17.6461 9.93368
-17.6653 9.89949
-17.6844 9.86526
-17.7035 9.831
-17.7225 9.7967
-17.7414 9.76236
-17.7603 9.72798
-17.7791 9.69357
-17.7979 9.65912
-17.8165 9.62463
-17.8351 9.59011
-17.8537 9.55556
-17.8722 9.52096
-17.8906 9.48633
-17.9089 9.45167
-17.9272 9.41697
-17.9454 9.38224
-17.9635 9.34746
-17.9816 9.31266
-17.9996 9.27782
-18.0175 9.24294
-18.0354 9.20804
-18.0532 9.17309
-18.0709 9.13811
-18.0886 9.1031
-18.1062 9.06805
-18.1237 9.03297
-18.1411 8.99786
-18.1585 8.96271
-18.1759 8.92753
-18.1931 8.89231
-18.2103 8.85706
-18.2274 8.82178
-18.2618 8.75048
-18.2787 8.7151
-18.2955 8.67968
-18.3123 8.64424
-18.329 8.60876
-18.3456 8.57324
-18.3622 8.5377
-18.3787 8.50213
-18.3951 8.46652
-18.4115 8.43088
-18.4278 8.39521
-18.444 8.3595
-18.4602 8.32377
-18.4762 8.28801
-18.4923 8.25221
-18.5082 8.21638
-18.5241 8.18052
-18.5399 8.14464
-18.5556 8.10872
-18.5713 8.07277
-18.5869 8.03679
-18.6024 8.00078
-18.6179 7.96474
-18.6333 7.92867
-18.6486 7.89257
-18.6638 7.85644
-18.679 7.82028
-18.6941 7.78409
-18.7092 7.74787
-18.7241 7.71163
-18.739 7.67535
-18.7539 7.63905
-18.7686 7.60272
-18.7833 7.56636
-18.7979 7.52997
-18.8125 7.49355
-18.827 7.4571
-18.8414 7.42063
-18.8557 7.38413
-18.87 7.3476
-18.8842 7.31104
-18.8537 7.28106
-18.8262 7.24331
-18.7987 7.20556
-18.7712 7.16779
-18.7436 7.13001
-18.716 7.09222
-18.6884 7.05442
-18.6607 7.01661
-18.633 6.97878
-18.6053 6.94095
-18.5775 6.9031
-18.5498 6.86524
-18.5219 6.82737
-18.4941 6.78948
-18.4662 6.75159
-18.4383 6.71368
-18.4104 6.67576
-18.3824 6.63783
-18.3544 6.59989
-18.3263 6.56193
-18.2982 6.52397
-18.2701 6.48599
-18.242 6.448
-18.2138 6.41
-18.1856 6.37198
-18.1573 6.33395
-18.1291 6.29591
-18.1007 6.25786
-18.0724 6.2198
-18.044 6.18173
-18.0156 6.14364
-17.9871 6.10554
-17.9586 6.06743
-17.9301 6.0293
-17.9015 5.99116
-17.8729 5.95302
-17.8443 5.91485
-17.8156 5.87668
-17.7869 5.83849
-17.7581 5.8003
-17.7293 5.76208
-17.7005 5.72386
-17.6716 5.68562
-17.6427 5.64738
-17.6137 5.60911
-17.5848 5.57084
-17.5557 5.53255
-17.5267 5.49425
-17.4975 5.45594
-17.4684 5.41762
-17.4392 5.37928
-17.4392 5.37928
-17.4849 5.36405
-17.5306 5.34881
-17.5762 5.33355
-17.6218 5.31828
-17.6674 5.303
-17.7129 5.28771
-17.7584 5.2724
-17.8038 5.25709
-17.8492 5.24176
-17.8945 5.22642
-17.9399 5.21107
-17.9851 5.19571
-18.0304 5.18033
-18.0756 5.16495
-18.1207 5.14955
-18.1659 5.13415
-18.211 5.11873
-18.256 5.10331
-18.301 5.08787
-18.346 5.07242
-18.3909 5.05696
-18.4358 5.0415
-18.4807 5.02602
-18.5255 5.01053
-18.5703 4.99504
-18.6151 4.97953
-18.6598 4.96401
-18.7045 4.94849
-18.7492 4.93295
-18.7938 4.91741
-18.8384 4.90186
-18.8829 4.8863
-18.9275 4.87073
-18.9719 4.85515
-19.0164 4.83956
-19.0608 4.82397
-19.1052 4.80836
-19.1495 4.79275
-19.1939 4.77713
-19.2381 4.7615
-19.2824 4.74586
-19.3266 4.73021
-19.3708 4.71456
-19.415 4.6989
-19.4591 4.68323
-19.5032 4.66756
-19.5472 4.65187
-19.5913 4.63618
-19.6353 4.62048
-19.6792 4.60477
-19.7213 4.59716
-19.7301 4.55896
-19.7389 4.52074
-19.7476 4.4825
-19.7563 4.44425
-19.7649 4.40598
-19.7734 4.3677
-19.7818 4.3294
-19.7901 4.29108
-19.7984 4.25275
-19.8066 4.2144
-19.8147 4.17604
-19.8228 4.13765
-19.8307 4.09926
-19.8386 4.06085
-19.8465 4.02242
-19.8542 3.98398
-19.8619 3.94552
-19.8695 3.90705
-19.877 3.86856
-19.8845 3.83006
-19.8919 3.79155
-19.8992 3.75302
-19.9064 3.71448
-19.9136 3.67592
-19.9206 3.63735
-19.9277 3.59876
-19.9346 3.56017
-19.9414 3.52155
-19.9482 3.48293
-19.9549 3.44429
-19.9616 3.40564
-19.9681 3.36698
-19.9746 3.3283
-19.981 3.28961
-19.9873 3.25091
-19.9936 3.2122
-19.9998 3.17347
-20.0059 3.13474
-20.0119 3.09599
-20.0179 3.05723
-20.0297 2.97897
-20.0354 2.94018
-20.0411 2.90137
-20.0467 2.86256
-20.0522 2.82373
-20.0576 2.78489
-20.0629 2.74604
-20.0682 2.70718
-20.0734 2.66832
-20.0786 2.62944
-20.0836 2.59055
-20.0886 2.55165
-20.0935 2.51274
-20.0983 2.47383
-20.1031 2.4349
-20.1078 2.39596
-20.1124 2.35702
-20.1169 2.31806
-20.1213 2.2791
-20.1257 2.24013
-20.13 2.20115
-20.1342 2.16217
-20.1384 2.12317
-20.1425 2.08417
-20.1465 2.04515
-20.1504 2.00614
-20.1542 1.96711
-20.158 1.92808
-20.1617 1.88903
-20.1653 1.84999
-20.1689 1.81093
-20.1723 1.77187
-20.1757 1.7328
-20.179 1.69373
-20.1823 1.65464
-20.1855 1.61556
-20.1885 1.57646
-20.1916 1.53736
-20.1945 1.49826
-20.1974 1.45915
-20.2001 1.42003
-20.1622 1.40036
-20.1248 1.37239
-20.0874 1.34442
-20.05 1.31645
-20.0125 1.28847
-19.975 1.2605
-19.9374 1.23252
-19.8999 1.20454
-19.8622 1.17655
-19.8246 1.14857
-19.7869 1.12058
-19.7492 1.0926
-19.7115 1.06461
-19.6737 1.03661
-19.6359 1.00862
-19.598 0.980626
-19.5601 0.952629
-19.5222 0.92463
-19.4843 0.89663
-19.4463 0.868628
-19.4083 0.840624
-19.3702 0.812619
-19.3321 0.784613
-19.294 0.756604
-19.2558 0.728595
-19.2176 0.700584
-19.1794 0.672572
-19.1411 0.644558
-19.1028 0.616543
-19.0644 0.588527
-19.0261 0.56051
-18.9876 0.532492
-18.9492 0.504473
-18.9107 0.476452
-18.8721 0.448431
-18.8335 0.420409
-18.7949 0.392385
-18.7563 0.364361
-18.7176 0.336337
-18.6788 0.308311
-18.64 0.280285
-18.6012 0.252258
-18.5624 0.224231
-18.5235 0.196203
-18.4845 0.168175
-18.4455 0.140146
-18.4065 0.112118
-18.3675 0.0840884
-18.3283 0.056059
-18.2892 0.0280296
-18.25 -3.10862e-15
-18.25 7.57859e-15
-18.2892 -0.0280296
-18.3283 -0.056059
-18.3675 -0.0840884
-18.4065 -0.112118
-18.4455 -0.140146
-18.4845 -0.168175
-18.5235 -0.196203
-18.5624 -0.224231
-18.6012 -0.252258
-18.64 -0.280285
-18.6788 -0.308311
-18.7176 -0.336337
-18.7563 -0.364361
-18.7949 -0.392385
-18.8335 -0.420409
-18.8721 -0.448431
-18.9107 -0.476452
-18.9492 -0.504473
-18.9876 -0.532492
-19.0261 -0.56051
-19.0644 -0.588527
-19.1028 -0.616543
-19.1411 -0.644558
-19.1794 -0.672572
-19.2176 -0.700584
-19.2558 -0.728595
-19.294 -0.756604
-19.3321 -0.784613
-19.3702 -0.812619
-19.4083 -0.840624
-19.4463 -0.868628
-19.4843 -0.89663
-19.5222 -0.92463
-19.5601 -0.952629
-19.598 -0.980626
-19.6359 -1.00862
-19.6737 -1.03661
-19.7115 -1.06461
-19.7492 -1.0926
-19.7869 -1.12058
-19.8246 -1.14857
-19.8622 -1.17655
-19.8999 -1.20454
-19.9374 -1.23252
-19.975 -1.2605
-20.0125 -1.28847
-20.05 -1.31645
-20.0874 -1.34442
-20.1248 -1.37239
-20.1622 -1.40036
-20.2001 -1.42003
-20.1974 -1.45915
-20.1945 -1.49826
-20.1916 -1.53736
-20.1885 -1.57646
-20.1855 -1.61556
-20.1823 -1.65464
-20.179 -1.69373
-20.1757 -1.7328
-20.1723 -1.77187
-20.1689 -1.81093
-20.1653 -1.84999
-20.1617 -1.88903
-20.158 -1.92808
-20.1542 -1.96711
-20.1504 -2.00614
-20.1465 -2.04515
-20.1425 -2.08417
-20.1384 -2.12317
-20.1342 -2.16217
-20.13 -2.20115
-20.1257 -2.24013
-20.1213 -2.2791
-20.1169 -2.31806
-20.1124 -2.35702
-20.1078 -2.39596
-20.1031 -2.4349
-20.0983 -2.47383
-20.0935 -2.51274
-20.0886 -2.55165
-20.0836 -2.59055
-20.0786 -2.62944
-20.0734 -2.66832
-20.0682 -2.70718
-20.0629 -2.74604
-20.0576 -2.78489
-20.0522 -2.82373
-20.0467 -2.86256
-20.0411 -2.90137
-20.0354 -2.94018
-20.0297 -2.97897
-20.0179 -3.05723
-20.0119 -3.09599
-20.0059 -3.13474
-19.9998 -3.17347
-19.9936 -3.2122
-19.9873 -3.25091
-19.981 -3.28961
-19.9746 -3.3283
-19.9681 -3.36698
-19.9616 -3.40564
-19.9549 -3.44429
-19.9482 -3.48293
-19.9414 -3.52155
-19.9346 -3.56017
-19.9277 -3.59876
-19.9206 -3.63735
-19.9136 -3.67592
-19.9064 -3.71448
-19.8992 -3.75302
-19.8919 -3.79155
-19.8845 -3.83006
-19.877 -3.86856
-19.8695 -3.90705
-19.8619 -3.94552
-19.8542 -3.98398
-19.8465 -4.02242
-19.8386 -4.06085
-19.8307 -4.09926
-19.8228 -4.13765
-19.8147 -4.17604
-19.8066 -4.2144
-19.7984 -4.25275
-19.7901 -4.29108
-19.7818 -4.3294
-19.7734 -4.3677
-19.7649 -4.40598
-19.7563 -4.44425
-19.7476 -4.4825
-19.7389 -4.52074
-19.7301 -4.55896
-19.7213 -4.59716
-19.6792 -4.60477
-19.6353 -4.62048
-19.5913 -4.63618
-19.5472 -4.65187
-19.5032 -4.66756
-19.4591 -4.68323
-19.415 -4.6989
-19.3708 -4.71456
-19.3266 -4.73021
-19.2824 -4.74586
-19.2381 -4.7615
-19.1939 -4.77713
-19.1495 -4.79275
-19.1052 -4.80836
-19.0608 -4.82397
-19.0164 -4.83956
-18.9719 -4.85515
-18.9275 -4.87073
-18.8829 -4.8863
-18.8384 -4.90186
-18.7938 -4.91741
-18.7492 -4.93295
-18.7045 -4.94849
-18.6598 -4.96401
-18.6151 -4.97953
-18.5703 -4.99504
-18.5255 -5.01053
-18.4807 -5.02602
-18.4358 -5.0415
-18.3909 -5.05696
-18.346 -5.07242
-18.301 -5.08787
-18.256 -5.10331
-18.211 -5.11873
-18.1659 -5.13415
-18.1207 -5.14955
-18.0756 -5.16495
-18.0304 -5.18033
-17.9851 -5.19571
-17.9399 -5.21107
-17.8945 -5.22642
-17.8492 -5.24176
-17.8038 -5.25709
-17.7584 -5.2724
-17.7129 -5.28771
-17.6674 -5.303
-17.6218 -5.31828
-17.5762 -5.33355
-17.5306 -5.34881
-17.4849 -5.36405
-17.4392 -5.37928
-17.4392 -5.37928
-17.4684 -5.41762
-17.4975 -5.45594
-17.5267 -5.49425
-17.5557 -5.53255
-17.5848 -5.57084
-17.6137 -5.60911
-17.6427 -5.64738
-17.6716 -5.68562
-17.7005 -5.72386
-17.7293 -5.76208
-17.7581 -5.8003
-17.7869 -5.83849
-17.8156 -5.87668
-17.8443 -5.91485
-17.8729 -5.95302
-17.9015 -5.99116
-17.9301 -6.0293
-17.9586 -6.06743
-17.9871 -6.10554
-18.0156 -6.14364
-18.044 -6.18173
-18.0724 -6.2198
-18.1007 -6.25786
-18.1291 -6.29591
-18.1573 -6.33395
-18.1856 -6.37198
-18.2138 -6.41
-18.242 -6.448
-18.2701 -6.48599
-18.2982 -6.52397
-18.3263 -6.56193
-18.3544 -6.59989
-18.3824 -6.63783
-18.4104 -6.67576
-18.4383 -6.71368
-18.4662 -6.75159
-18.4941 -6.78948
-18.5219 -6.82737
-18.5498 -6.86524
-18.5775 -6.9031
-18.6053 -6.94095
-18.633 -6.97878
-18.6607 -7.01661
-18.6884 -7.05442
-18.716 -7.09222
-18.7436 -7.13001
-18.7712 -7.16779
-18.7987 -7.20556
-18.8262 -7.24331
-18.8537 -7.28106
-18.8842 -7.31104
-18.87 -7.3476
-18.8557 -7.38413
-18.8414 -7.42063
-18.827 -7.4571
-18.8125 -7.49355
-18.7979 -7.52997
-18.7833 -7.56636
-18.7686 -7.60272
-18.7539 -7.63905
-18.739 -7.67535
-18.7241 -7.71163
-18.7092 -7.74787
-18.6941 -7.78409
-18.679 -7.82028
-18.6638 -7.85644
-18.6486 -7.89257
-18.6333 -7.92867
-18.6179 -7.96474
-18.6024 -8.00078
-18.5869 -8.03679
-18.5713 -8.07277
-18.5556 -8.10872
-18.5399 -8.14464
-18.5241 -8.18052
-18.5082 -8.21638
-18.4923 -8.25221
-18.4762 -8.28801
-18.4602 -8.32377
-18.444 -8.3595
-18.4278 -8.39521
-18.4115 -8.43088
-18.3951 -8.46652
-18.3787 -8.50213
-18.3622 -8.5377
-18.3456 -8.57324
-18.329 -8.60876
-18.3123 -8.64424
-18.2955 -8.67968
-18.2787 -8.7151
-18.2618 -8.75048
-18.2274 -8.82178
-18.2103 -8.85706
-18.1931 -8.89231
-18.1759 -8.92753
-18.1585 -8.96271
-18.1411 -8.99786
-18.1237 -9.03297
-18.1062 -9.06805
-18.0886 -9.1031
-18.0709 -9.13811
-18.0532 -9.17309
-18.0354 -9.20804
-18.0175 -9.24294
-17.9996 -9.27782
-17.9816 -9.31266
-17.9635 -9.34746
-17.9454 -9.38224
-17.9272 -9.41697
-17.9089 -9.45167
-17.8906 -9.48633
-17.8722 -9.52096
-17.8537 -9.55556
-17.8351 -9.59011
-17.8165 -9.62463
-17.7979 -9.65912
-17.7791 -9.69357
-17.7603 -9.72798
-17.7414 -9.76236
-17.7225 -9.7967
-17.7035 -9.831
-17.6844 -9.86526
-17.6653 -9.89949
-17.6461 -9.93368
-17.6268 -9.96784
-17.6075 -10.002
-17.5881 -10.036
-17.5686 -10.0701
-17.5491 -10.1041
-17.5295 -10.138
-17.5098 -10.172
-17.4901 -10.2059
-17.4476 -10.2008
-17.401 -10.2028
-17.3543 -10.2048
-17.3076 -10.2068
-17.2609 -10.2088
-17.2142 -10.2108
-17.1674 -10.2128
-17.1206 -10.2148
-17.0737 -10.2167
-17.0269 -10.2186
-16.98 -10.2205
-16.933 -10.2224
-16.8861 -10.2242
-16.8391 -10.2261
-16.7921 -10.2279
-16.7451 -10.2297
-16.698 -10.2315
-16.6509 -10.2333
-16.6038 -10.2351
-16.5566 -10.2368
-16.5094 -10.2385
-16.4622 -10.2402
-16.4149 -10.2419
-16.3677 -10.2436
-16.3203 -10.2452
-16.273 -10.2468
-16.2256 -10.2484
-16.1782 -10.25
-16.1308 -10.2516
-16.0833 -10.2531
-16.0358 -10.2546
-15.9883 -10.2561
-15.9407 -10.2576
-15.8931 -10.2591
-15.8455 -10.2605
-15.7978 -10.262
-15.7501 -10.2634
-15.7024 -10.2647
-15.6546 -10.2661
-15.6069 -10.2674
-15.559 -10.2687
-15.5112 -10.27
-15.4633 -10.2713
-15.4153 -10.2725
-15.3674 -10.2738
-15.3194 -10.275
-15.2713 -10.2761
-15.2233 -10.2773
-15.1752 -10.2784
-15.127 -10.2795
-15.0789 -10.2806
-15.0789 -10.2806
-15.0955 -10.3258
-15.112 -10.371
-15.1285 -10.4162
-15.145 -10.4614
-15.1615 -10.5065
-15.1779 -10.5517
-15.1943 -10.5968
-15.2106 -10.6418
-15.227 -10.6869
-15.2432 -10.7319
-15.2595 -10.7769
-15.2757 -10.8219
-15.2919 -10.8668
-15.3081 -10.9118
-15.3242 -10.9567
-15.3403 -11.0016
-15.3563 -11.0464
-15.3724 -11.0913
-15.3884 -11.1361
-15.4043 -11.1809
-15.4203 -11.2256
-15.4362 -11.2704
-15.452 -11.3151
-15.4679 -11.3598
-15.4837 -11.4045
-15.4995 -11.4492
-15.5152 -11.4938
-15.531 -11.5385
-15.5467 -11.583
-15.5623 -11.6276
-15.578 -11.6722
-15.5936 -11.7167
-15.6092 -11.7612
-15.6247 -11.8057
-15.6402 -11.8502
-15.6557 -11.8946
-15.6712 -11.9391
-15.6867 -11.9835
-15.7021 -12.0279
-15.7175 -12.0722
-15.7328 -12.1166
-15.7482 -12.1609
-15.7635 -12.2052
-15.7788 -12.2495
-15.794 -12.2938
-15.8093 -12.338
-15.8245 -12.3822
-15.8397 -12.4265
-15.8548 -12.4706
-15.87 -12.5148
-15.8902 -12.5524
-15.8659 -12.5832
-15.8415 -12.6139
-15.817 -12.6445
-15.7925 -12.6751
-15.7679 -12.7057
-15.7433 -12.7362
-15.7186 -12.7667
-15.6938 -12.7971
-15.669 -12.8275
-15.6442 -12.8578
-15.6192 -12.8881
-15.5942 -12.9183
-15.5692 -12.9485
-15.5441 -12.9786
-15.5189 -13.0087
-15.4937 -13.0387
-15.4684 -13.0687
-15.4431 -13.0986
-15.4177 -13.1285
-15.3922 -13.1583
-15.3667 -13.1881
-15.3412 -13.2178
-15.3155 -13.2475
-15.2899 -13.2772
-15.2641 -13.3067
-15.2383 -13.3363
-15.2125 -13.3658
-15.1865 -13.3952
-15.1606 -13.4246
-15.1346 -13.4539
-15.1085 -13.4832
-15.0823 -13.5124
-15.0561 -13.5416
-15.0299 -13.5707
-15.0036 -13.5998
-14.9772 -13.6289
-14.9508 -13.6578
-14.9243 -13.6868
-14.8978 -13.7156
-14.8712 -13.7445
-14.8174 -13.8025
-14.7906 -13.8311
-14.7638 -13.8598
-14.7369 -13.8883
-14.71 -13.9168
-14.683 -13.9453
-14.656 -13.9737
-14.6289 -14.0021
-14.6018 -14.0304
-14.5746 -14.0586
-14.5473 -14.0868
-14.52 -14.115
-14.4926 -14.1431
-14.4652 -14.1711
-14.4377 -14.1991
-14.4102 -14.227
-14.3826 -14.2549
-14.355 -14.2827
-14.3273 -14.3105
-14.2996 -14.3382
-14.2718 -14.3659
-14.2439 -14.3935
-14.216 -14.4211
-14.1881 -14.4486
-14.1601 -14.476
-14.132 -14.5034
-14.1039 -14.5307
-14.0757 -14.558
-14.0475 -14.5853
-14.0192 -14.6124
-13.9909 -14.6396
-13.9625 -14.6666
-13.9341 -14.6936
-13.9056 -14.7206
-13.8771 -14.7475
-13.8485 -14.7743
-13.8199 -14.8011
-13.7912 -14.8279
-13.7624 -14.8545
-13.7337 -14.8812
-13.7048 -14.9077
-13.6658 -14.8903
-13.6206 -14.8786
-13.5754 -14.8667
-13.5302 -14.8549
-13.4849 -14.843
-13.4397 -14.8312
-13.3944 -14.8192
-13.3491 -14.8073
-13.3038 -14.7954
-13.2584 -14.7834
-13.2131 -14.7714
-13.1677 -14.7593
-13.1222 -14.7473
-13.0768 -14.7352
-13.0313 -14.7231
-12.9859 -14.7109
-12.9403 -14.6988
-12.8948 -14.6866
-12.8493 -14.6744
-12.8037 -14.6621
-12.7581 -14.6499
-12.7125 -14.6376
-12.6668 -14.6253
-12.6211 -14.6129
-12.5755 -14.6005
-12.5297 -14.5881
-12.484 -14.5757
-12.4382 -14.5632
-12.3924 -14.5508
-12.3466 -14.5382
-12.3008 -14.5257
-12.2549 -14.5131
-12.209 -14.5005
-12.1631 -14.4879
-12.1172 -14.4752
-12.0712 -14.4625
-12.0252 -14.4498
-11.9792 -14.4371
-11.9332 -14.4243
-11.8871 -14.4115
-11.841 -14.3986
-11.7949 -14.3857
-11.7488 -14.3728
-11.7026 -14.3599
-11.6564 -14.3469
-11.6102 -14.3339
-11.5639 -14.3209
-11.5177 -14.3078
-11.4714 -14.2947
-11.425 -14.2816
-11.3787 -14.2684
-11.3787 -14.2684
-11.3812 -14.3165
-11.3837 -14.3646
-11.3862 -14.4127
-11.3886 -14.4607
-11.391 -14.5087
-11.3934 -14.5566
-11.3958 -14.6046
-11.3981 -14.6525
-11.4005 -14.7003
-11.4027 -14.7481
-11.405 -14.7959
-11.4073 -14.8437
-11.4095 -14.8914
-11.4117 -14.9391
-11.4138 -14.9868
-11.416 -15.0344
-11.4181 -15.082
-11.4202 -15.1296
-11.4223 -15.1771
-11.4243 -15.2246
-11.4264 -15.2721
-11.4284 -15.3196
-11.4304 -15.367
-11.4323 -15.4144
-11.4343 -15.4618
-11.4362 -15.5091
-11.4381 -15.5564
-11.4399 -15.6037
-11.4418 -15.6509
-11.4436 -15.6981
-11.4454 -15.7453
-11.4472 -15.7925
-11.449 -15.8396
-11.4508 -15.8867
-11.4525 -15.9338
-11.4542 -15.9808
-11.4559 -16.0278
-11.4576 -16.0748
-11.4592 -16.1218
-11.4608 -16.1687
-11.4624 -16.2156
-11.464 -16.2625
-11.4656 -16.3093
-11.4672 -16.3562
-11.4687 -16.403
-11.4702 -16.4497
-11.4717 -16.4965
-11.4732 -16.5432
-11.4746 -16.5899
-11.4761 -16.6366
-11.4844 -16.6785
-11.452 -16.7007
-11.4197 -16.7228
-11.3873 -16.7449
-11.3548 -16.7669
-11.3223 -16.7889
-11.2898 -16.8108
-11.2572 -16.8326
-11.2246 -16.8544
-11.1919 -16.8761
-11.1592 -16.8977
-11.1265 -16.9193
-11.0937 -16.9408
-11.0609 -16.9623
-11.028 -16.9837
-10.9951 -17.005
-10.9621 -17.0263
-10.9292 -17.0475
-10.8961 -17.0686
-10.863 -17.0897
-10.8299 -17.1107
-10.7968 -17.1316
-10.7636 -17.1525
-10.7303 -17.1733
-10.6971 -17.1941
-10.6637 -17.2147
-10.6304 -17.2354
-10.597 -17.2559
-10.5635 -17.2764
-10.5301 -17.2968
-10.4966 -17.3172
-10.463 -17.3375
-10.4294 -17.3577
-10.3958 -17.3779
-10.3621 -17.398
-10.3284 -17.418
-10.2946 -17.438
-10.2608 -17.4579
-10.227 -17.4777
-10.1932 -17.4975
-10.1592 -17.5172
-10.0907 -17.5568
-10.0567 -17.5763
-10.0226 -17.5957
-9.98854 -17.6151
-9.95441 -17.6344
-9.92024 -17.6536
-9.88604 -17.6728
-9.85179 -17.6919
-9.81751 -17.711
-9.7832 -17.73
-9.74884 -17.7489
-9.71445 -17.7677
-9.68002 -17.7865
-9.64556 -17.8052
-9.61106 -17.8239
-9.57653 -17.8424
-9.54196 -17.861
-9.50735 -17.8794
-9.47271 -17.8978
-9.43803 -17.9161
-9.40331 -17.9343
-9.36857 -17.9525
-9.33378 -17.9706
-9.29896 -17.9887
-9.26411 -18.0066
-9.22922 -18.0245
-9.1943 -18.0424
-9.15934 -18.0601
-9.12435 -18.0779
-9.08932 -18.0955
-9.05426 -18.1131
-9.01917 -18.1306
-8.98404 -18.148
-8.94888 -18.1654
-8.91368 -18.1827
-8.87845 -18.1999
-8.84319 -18.217
-8.8079 -18.2341
-8.77257 -18.2512
-8.73721 -18.2681
-8.70181 -18.285
-8.66964 -18.2569
-8.62995 -18.2323
-8.59024 -18.2077
-8.55052 -18.183
-8.51079 -18.1584
-8.47104 -18.1337
-8.43128 -18.1089
-8.3915 -18.0842
-8.35172 -18.0594
-8.31191 -18.0346
-8.2721 -18.0097
-8.23227 -17.9849
-8.19242 -17.9599
-8.15256 -17.935
-8.11269 -17.91
-8.0728 -17.885
-8.0329 -17.86
-7.99299 -17.8349
-7.95306 -17.8098
-7.91311 -17.7847
-7.87315 -17.7595
-7.83318 -17.7343
-7.79319 -17.7091
-7.75319 -17.6839
-7.71317 -17.6586
-7.67314 -17.6332
-7.6331 -17.6079
-7.59304 -17.5825
-7.55296 -17.557
-7.51287 -17.5316
-7.47276 -17.5061
-7.43264 -17.4805
-7.39251 -17.455
-7.35236 -17.4294
-7.31219 -17.4037
-7.27201 -17.3781
-7.23182 -17.3523
-7.19161 -17.3266
-7.15138 -17.3008
-7.11114 -17.275
-7.07088 -17.2491
-7.03061 -17.2232
-6.99033 -17.1973
-6.95002 -17.1713
-6.90971 -17.1453
-6.86937 -17.1193
-6.82902 -17.0932
-6.78866 -17.0671
-6.74828 -17.0409
-6.70788 -17.0147
-6.66747 -16.9884
-6.66747 -16.9884
-6.6557 -17.0352
-6.64391 -17.0819
-6.63211 -17.1285
-6.62029 -17.1751
-6.60846 -17.2217
-6.59661 -17.2682
-6.58474 -17.3147
-6.57286 -17.3611
-6.56097 -17.4076
-6.54906 -17.4539
-6.53714 -17.5003
-6.52521 -17.5466
-6.51326 -17.5928
-6.5013 -17.6391
-6.48932 -17.6852
-6.47733 -17.7314
-6.46533 -17.7775
-6.45331 -17.8236
-6.44128 -17.8696
-6.42924 -17.9156
-6.41718 -17.9616
-6.40511 -18.0075
-6.39303 -18.0534
-6.38094 -18.0993
-6.36883 -18.1451
-6.35671 -18.1909
-6.34458 -18.2367
-6.33244 -18.2824
-6.32029 -18.3281
-6.30812 -18.3738
-6.29595 -18.4194
-6.28376 -18.465
-6.27156 -18.5105
-6.25935 -18.5561
-6.24713 -18.6016
-6.23489 -18.647
-6.22265 -18.6924
-6.21039 -18.7378
-6.19813 -18.7832
-6.18585 -18.8285
-6.17356 -18.8738
-6.16127 -18.9191
-6.14896 -18.9643
-6.13664 -19.0095
-6.12432 -19.0547
-6.11198 -19.0998
-6.09963 -19.1449
-6.08727 -19.19
-6.07491 -19.2351
-6.06253 -19.2801
-6.05807 -19.3226
-6.02064 -19.3343
-5.98319 -19.3459
-5.94571 -19.3575
-5.90822 -19.3689
-5.87069 -19.3803
-5.83315 -19.3917
-5.79559 -19.4029
-5.758 -19.4141
-5.72039 -19.4252
-5.68276 -19.4363
-5.64511 -19.4472
-5.60744 -19.4581
-5.56975 -19.469
-5.53204 -19.4797
-5.4943 -19.4904
-5.45655 -19.501
-5.41877 -19.5115
-5.38098 -19.522
-5.34316 -19.5324
-5.30532 -19.5427
-5.26747 -19.5529
-5.22959 -19.5631
-5.1917 -19.5732
-5.15378 -19.5832
-5.11585 -19.5931
-5.0779 -19.603
-5.03992 -19.6128
-5.00193 -19.6225
-4.96392 -19.6322
-4.92589 -19.6417
-4.88785 -19.6512
-4.84978 -19.6607
-4.8117 -19.67
-4.7736 -19.6793
-4.73548 -19.6885
-4.69734 -19.6977
-4.65919 -19.7067
-4.62101 -19.7157
-4.58282 -19.7246
-4.54462 -19.7334
-4.46746 -19.7511
-4.42921 -19.7597
-4.39093 -19.7682
-4.35264 -19.7767
-4.31433 -19.7851
-4.27601 -19.7934
-4.23767 -19.8016
-4.19932 -19.8098
-4.16094 -19.8179
-4.12256 -19.8259
-4.08416 -19.8339
-4.04574 -19.8417
-4.00731 -19.8495
-3.96886 -19.8573
-3.9304 -19.8649
-3.89192 -19.8725
-3.85343 -19.88
-3.81492 -19.8874
-3.7764 -19.8948
-3.73786 -19.902
-3.69932 -19.9092
-3.66075 -19.9164
-3.62218 -19.9234
-3.58359 -19.9304
-3.54498 -19.9373
-3.50637 -19.9441
-3.46774 -19.9509
-3.42909 -19.9576
-3.39044 -19.9642
-3.35177 -19.9707
-3.31309 -19.9771
-3.27439 -19.9835
-3.23569 -19.9898
-3.19697 -19.996
-3.15824 -20.0022
-3.1195 -20.0083
-3.08075 -20.0143
-3.04198 -20.0202
-3.0032 -20.0261
-2.96442 -20.0318
-2.92562 -20.0375
-2.90316 -20.0012
-2.87248 -19.966
-2.84179 -19.9308
-2.8111 -19.8955
-2.7804 -19.8602
-2.7497 -19.8249
-2.719 -19.7896
-2.68829 -19.7542
-2.65757 -19.7188
-2.62685 -19.6833
-2.59613 -19.6479
-2.5654 -19.6123
-2.53467 -19.5768
-2.50393 -19.5412
-2.47319 -19.5056
-2.44245 -19.4699
-2.4117 -19.4343
-2.38094 -19.3985
-2.35019 -19.3628
-2.31942 -19.327
-2.28866 -19.2912
-2.25789 -19.2553
-2.22711 -19.2194
-2.19633 -19.1835
-2.16555 -19.1475
-2.13476 -19.1115
-2.10397 -19.0755
-2.07317 -19.0394
-2.04237 -19.0033
-2.01157 -18.9672
-1.98076 -18.931
-1.94995 -18.8947
-1.91914 -18.8585
-1.88832 -18.8222
-1.85749 -18.7858
-1.82667 -18.7495
-1.79583 -18.713
-1.765 -18.6766
-1.73416 -18.6401
-1.70332 -18.6036
-1.67247 -18.567
-1.64162 -18.5304
-1.61077 -18.4937
-1.57992 -18.457
-1.54906 -18.4203
-1.51819 -18.3835
-1.48733 -18.3467
-1.45645 -18.3098
-1.42558 -18.2729
-1.3947 -18.236
-1.36382 -18.199
-1.36382 -18.199
-1.3388 -18.2401
-1.31378 -18.2813
-1.28875 -18.3224
-1.26372 -18.3634
-1.23868 -18.4044
-1.21365 -18.4454
-1.18861 -18.4863
-1.16356 -18.5272
-1.13852 -18.5681
-1.11347 -18.6089
-1.08842 -18.6496
-1.06337 -18.6904
-1.03831 -18.731
-1.01326 -18.7717
-0.988199 -18.8123
-0.963139 -18.8529
-0.938076 -18.8934
-0.913011 -18.9339
-0.887945 -18.9743
-0.862876 -19.0147
-0.837806 -19.0551
-0.812734 -19.0955
-0.787661 -19.1358
-0.762586 -19.176
-0.73751 -19.2162
-0.712432 -19.2564
-0.687353 -19.2966
-0.662273 -19.3367
-0.637191 -19.3768
-0.612108 -19.4168
-0.587024 -19.4568
-0.561939 -19.4968
-0.536853 -19.5367
-0.511766 -19.5766
-0.486679 -19.6165
-0.46159 -19.6563
-0.4365 -19.6961
-0.41141 -19.7359
-0.386319 -19.7756
-0.361227 -19.8153
-0.336135 -19.855
-0.311042 -19.8946
-0.285949 -19.9342
-0.260855 -19.9738
-0.235761 -20.0133
-0.210666 -20.0528
-0.185571 -20.0923
-0.160476 -20.1317
-0.13538 -20.1711
-0.110284 -20.2105
-0.0934994 -20.2498
-0.054284 -20.2499
-0.0150684 -20.25
0.0241473 -20.25
0.0633629 -20.2499
0.102578 -20.2497
0.141793 -20.2495
0.181008 -20.2492
0.220221 -20.2488
0.259434 -20.2483
0.298646 -20.2478
0.337857 -20.2472
0.377067 -20.2465
0.416275 -20.2457
0.455481 -20.2449
0.494686 -20.244
0.533889 -20.243
0.57309 -20.2419
0.612289 -20.2407
0.651486 -20.2395
0.69068 -20.2382
0.729872 -20.2368
0.76906 -20.2354
0.808246 -20.2339
0.847429 -20.2323
0.886609 -20.2306
0.925785 -20.2288
0.964958 -20.227
1.00413 -20.2251
1.04329 -20.2231
1.08245 -20.221
1.12161 -20.2189
1.16077 -20.2167
1.19991 -20.2144
1.23906 -20.2121
1.2782 -20.2096
1.31733 -20.2071
1.35646 -20.2045
1.39559 -20.2019
1.43471 -20.1991
1.47382 -20.1963
1.55274 -20.1904
1.59184 -20.1873
1.63093 -20.1842
1.67001 -20.181
1.70909 -20.1777
1.74816 -20.1744
1.78723 -20.171
1.82629 -20.1675
1.86534 -20.1639
1.90439 -20.1603
1.94343 -20.1565
1.98246 -20.1527
2.02148 -20.1488
2.0605 -20.1449
2.09951 -20.1409
2.13851 -20.1368
2.1775 -20.1326
2.21648 -20.1283
2.25546 -20.124
2.29443 -20.1196
2.33338 -20.1151
2.37233 -20.1106
2.41128 -20.1059
2.45021 -20.1012
2.48913 -20.0964
2.52804 -20.0916
2.56695 -20.0866
2.60584 -20.0816
2.64473 -20.0766
2.6836 -20.0714
2.72247 -20.0662
2.76132 -20.0608
2.80017 -20.0555
2.839 -20.05
2.87782 -20.0445
2.91663 -20.0389
2.95544 -20.0332
2.99423 -20.0274
3.03301 -20.0216
3.07177 -20.0157
3.11053 -20.0097
3.12127 -19.9683
3.14022 -19.9256
3.15916 -19.8829
3.1781 -19.8402
3.19703 -19.7974
3.21596 -19.7546
3.23488 -19.7118
3.2538 -19.669
3.27271 -19.6261
3.29161 -19.5831
3.31052 -19.5402
3.32941 -19.4972
3.3483 -19.4542
3.36718 -19.4111
3.38606 -19.368
3.40493 -19.3249
3.4238 -19.2817
3.44266 -19.2385
3.46151 -19.1953
3.48036 -19.152
3.4992 -19.1087
3.51803 -19.0654
3.53686 -19.022
3.55568 -18.9786
3.5745 -18.9352
3.59331 -18.8917
3.61211 -18.8482
3.6309 -18.8046
3.64969 -18.761
3.66847 -18.7174
3.68724 -18.6738
3.706 -18.6301
3.72476 -18.5863
3.74351 -18.5426
3.76225 -18.4987
3.78099 -18.4549
3.79972 -18.411
3.81844 -18.3671
3.83715 -18.3231
3.85585 -18.2791
3.87454 -18.2351
3.89323 -18.191
3.91191 -18.1469
3.93058 -18.1027
3.94924 -18.0585
3.96789 -18.0143
3.98653 -17.97
4.00516 -17.9257
4.02379 -17.8813
4.0424 -17.8369
4.06101 -17.7924
4.06101 -17.7924
4.09706 -17.8244
4.13309 -17.8563
4.16912 -17.8882
4.20514 -17.9201
4.24115 -17.9519
4.27715 -17.9837
4.31314 -18.0154
4.34913 -18.0471
4.3851 -18.0787
4.42106 -18.1103
4.45701 -18.1419
4.49295 -18.1734
4.52889 -18.2049
4.56481 -18.2364
4.60073 -18.2678
4.63663 -18.2992
4.67253 -18.3305
4.70841 -18.3618
4.74429 -18.3931
4.78015 -18.4243
4.81601 -18.4555
4.85186 -18.4867
4.8877 -18.5178
4.92352 -18.5489
4.95934 -18.5799
4.99515 -18.6109
5.03095 -18.6419
5.06674 -18.6728
5.10252 -18.7037
5.1383 -18.7346
5.17406 -18.7654
5.20981 -18.7963
5.24555 -18.827
5.28129 -18.8578
5.31701 -18.8885
5.35273 -18.9191
5.38843 -18.9498
5.42413 -18.9804
5.45982 -19.0109
5.49549 -19.0415
5.53116 -19.072
5.56682 -19.1024
5.60247 -19.1329
5.63811 -19.1633
5.67374 -19.1937
5.70936 -19.224
5.74498 -19.2543
5.78058 -19.2846
5.81617 -19.3149
5.85176 -19.3451
5.87938 -19.3777
5.9169 -19.3663
5.95439 -19.3548
5.99186 -19.3432
6.02931 -19.3316
6.06674 -19.3199
6.10414 -19.3081
6.14152 -19.2962
6.17888 -19.2843
6.21621 -19.2723
6.25352 -19.2602
6.29081 -19.2481
6.32807 -19.2359
6.36531 -19.2236
6.40253 -19.2112
6.43972 -19.1988
6.47689 -19.1863
6.51403 -19.1737
6.55115 -19.161
6.58824 -19.1483
6.62531 -19.1355
6.66236 -19.1226
6.69938 -19.1097
6.73637 -19.0967
6.77334 -19.0836
6.81029 -19.0705
6.84721 -19.0572
6.8841 -19.0439
6.92097 -19.0306
6.95781 -19.0171
6.99462 -19.0036
7.03141 -18.99
7.06817 -18.9764
7.10491 -18.9627
7.14162 -18.9489
7.1783 -18.935
7.21496 -18.9211
7.25159 -18.9071
7.28819 -18.893
7.32476 -18.8788
7.36131 -18.8646
7.43498 -18.8357
7.47144 -18.8213
7.50787 -18.8068
7.54428 -18.7922
7.58066 -18.7775
7.61701 -18.7628
7.65333 -18.748
7.68962 -18.7332
7.72589 -18.7183
7.76212 -18.7033
7.79833 -18.6882
7.8345 -18.6731
7.87065 -18.6579
7.90677 -18.6426
7.94286 -18.6272
7.97891 -18.6118
8.01494 -18.5963
8.05094 -18.5808
8.08691 -18.5651
8.12285 -18.5494
8.15875 -18.5337
8.19463 -18.5178
8.23047 -18.5019
8.26629 -18.486
8.30207 -18.4699
8.33783 -18.4538
8.37355 -18.4376
8.40924 -18.4214
8.4449 -18.4051
8.48052 -18.3887
8.51612 -18.3722
8.55168 -18.3557
8.58721 -18.3391
8.62271 -18.3224
8.65818 -18.3057
8.69361 -18.2889
8.72901 -18.272
8.76438 -18.2551
8.79972 -18.2381
8.83502 -18.221
8.87029 -18.2039
8.86836 -18.1612
8.87389 -18.1148
8.87941 -18.0684
8.88491 -18.022
8.89039 -17.9756
8.89587 -17.9291
8.90132 -17.8826
8.90677 -17.836
8.91219 -17.7895
8.91761 -17.7429
8.92301 -17.6963
8.92839 -17.6496
8.93376 -17.6029
8.93911 -17.5562
8.94445 -17.5095
8.94977 -17.4627
8.95507 -17.4159
8.96036 -17.3691
8.96564 -17.3222
8.97089 -17.2753
8.97614 -17.2284
8.98136 -17.1814
8.98657 -17.1344
8.99176 -17.0874
8.99693 -17.0403
9.00209 -16.9932
9.00723 -16.9461
9.01235 -16.899
9.01746 -16.8518
9.02254 -16.8046
9.02761 -16.7573
9.03266 -16.71
9.0377 -16.6627
9.04271 -16.6153
9.04771 -16.568
9.05269 -16.5205
9.05765 -16.4731
9.06259 -16.4256
9.06751 -16.3781
9.07241 -16.3305
9.07729 -16.2829
9.08215 -16.2353
9.087 -16.1876
9.09182 -16.1399
9.09662 -16.0922
9.1014 -16.0444
9.10616 -15.9966
9.1109 -15.9487
9.11562 -15.9008
9.12032 -15.8529
9.125 -15.805
9.125 -15.805
9.16887 -15.8249
9.21272 -15.8448
9.25655 -15.8646
9.30036 -15.8845
9.34414 -15.9042
9.38791 -15.924
9.43165 -15.9437
9.47538 -15.9634
9.51908 -15.983
9.56276 -16.0026
9.60642 -16.0222
9.65006 -16.0417
9.69368 -16.0612
9.73728 -16.0807
9.78086 -16.1001
9.82441 -16.1195
9.86795 -16.1389
9.91147 -16.1582
9.95497 -16.1775
9.99845 -16.1968
10.0419 -16.216
10.0853 -16.2352
10.1288 -16.2544
10.1722 -16.2736
10.2155 -16.2927
10.2589 -16.3117
10.3022 -16.3308
10.3456 -16.3498
10.3889 -16.3688
10.4321 -16.3877
10.4754 -16.4067
10.5186 -16.4256
10.5619 -16.4444
10.6051 -16.4633
10.6483 -16.4821
10.6914 -16.5009
10.7346 -16.5196
10.7777 -16.5383
10.8208 -16.557
10.8639 -16.5757
10.907 -16.5943
10.95 -16.6129
10.9931 -16.6315
11.0361 -16.6501
11.0791 -16.6686
11.1221 -16.6871
11.1651 -16.7056
11.208 -16.724
11.2509 -16.7424
11.2938 -16.7608
11.3299 -16.7838
11.3623 -16.7619
11.3948 -16.7398
11.4272 -16.7177
11.4595 -16.6956
11.4918 -16.6733
11.5241 -16.6511
11.5563 -16.6287
11.5885 -16.6063
11.6206 -16.5838
11.6527 -16.5613
11.6848 -16.5387
11.7168 -16.516
11.7488 -16.4933
11.7807 -16.4705
11.8126 -16.4477
11.8444 -16.4248
11.8762 -16.4018
11.9079 -16.3788
11.9396 -16.3557
11.9713 -16.3325
12.0029 -16.3093
12.0344 -16.286
12.0659 -16.2627
12.0974 -16.2393
12.1288 -16.2158
12.1602 -16.1923
12.1916 -16.1687
12.2228 -16.1451
12.2541 -16.1214
12.2853 -16.0976
12.3164 -16.0738
12.3475 -16.0499
12.3786 -16.026
12.4096 -16.002
12.4406 -15.9779
12.4715 -15.9538
12.5024 -15.9296
12.5332 -15.9054
12.564 -15.8811
12.5947 -15.8567
12.6566 -15.8074
12.6872 -15.7828
12.7177 -15.7582
12.7482 -15.7336
12.7786 -15.7089
12.809 -15.6841
12.8394 -15.6593
12.8697 -15.6344
12.8999 -15.6094
12.9302 -15.5844
12.9603 -15.5593
12.9904 -15.5342
13.0205 -15.509
13.0505 -15.4838
13.0804 -15.4585
13.1104 -15.4331
13.1402 -15.4077
13.17 -15.3822
13.1998 -15.3567
13.2295 -15.3311
13.2592 -15.3054
13.2888 -15.2797
13.3184 -15.254
13.3479 -15.2282
13.3773 -15.2023
13.4068 -15.1763
13.4361 -15.1504
13.4654 -15.1243
13.4947 -15.0982
13.5239 -15.072
13.5531 -15.0458
13.5822 -15.0195
13.6112 -14.9932
13.6403 -14.9668
13.6692 -14.9404
13.6981 -14.9139
13.727 -14.8873
13.7558 -14.8607
13.7845 -14.834
13.8132 -14.8073
13.8419 -14.7805
13.8275 -14.7403
13.8191 -14.6944
13.8107 -14.6484
13.8023 -14.6025
13.7938 -14.5565
13.7853 -14.5104
13.7768 -14.4644
13.7683 -14.4183
13.7598 -14.3722
13.7512 -14.3261
13.7426 -14.28
13.734 -14.2338
13.7254 -14.1876
13.7168 -14.1414
13.7081 -14.0952
13.6994 -14.0489
13.6907 -14.0026
13.6819 -13.9563
13.6731 -13.91
13.6643 -13.8636
13.6555 -13.8172
13.6467 -13.7708
13.6378 -13.7243
13.6289 -13.6779
13.62 -13.6314
13.611 -13.5849
13.602 -13.5383
13.593 -13.4918
13.584 -13.4452
13.5749 -13.3985
13.5658 -13.3519
13.5567 -13.3052
13.5476 -13.2585
13.5384 -13.2118
13.5292 -13.165
13.52 -13.1182
13.5108 -13.0714
13.5015 -13.0246
13.4922 -12.9777
13.4828 -12.9308
13.4735 -12.8839
13.4641 -12.837
13.4547 -12.79
13.4452 -12.743
13.4357 -12.696
13.4262 -12.6489
13.4167 -12.6018
13.4071 -12.5547
13.3975 -12.5075
13.3879 -12.4604
13.3782 -12.4132
13.3782 -12.4132
13.426 -12.4193
13.4738 -12.4253
13.5215 -12.4314
13.5692 -12.4374
13.6169 -12.4434
13.6645 -12.4494
13.7121 -12.4553
13.7597 -12.4612
13.8072 -12.4671
13.8548 -12.473
13.9023 -12.4788
13.9497 -12.4846
13.9971 -12.4904
14.0445 -12.4962
14.0919 -12.5019
14.1393 -12.5076
14.1866 -12.5133
14.2339 -12.5189
14.2811 -12.5245
14.3283 -12.5301
14.3755 -12.5357
14.4227 -12.5412
14.4698 -12.5468
14.517 -12.5523
14.564 -12.5577
14.6111 -12.5632
14.6581 -12.5686
14.7051 -12.574
14.7521 -12.5794
14.799 -12.5848
14.846 -12.5901
14.8929 -12.5954
14.9397 -12.6007
14.9866 -12.606
15.0334 -12.6112
15.0802 -12.6164
15.1269 -12.6216
15.1736 -12.6268
15.2204 -12.6319
15.267 -12.6371
15.3137 -12.6422
15.3603 -12.6473
15.4069 -12.6523
15.4535 -12.6574
15.5 -12.6624
15.5466 -12.6674
15.5931 -12.6724
15.6396 -12.6774
15.686 -12.6823
15.7324 -12.6873
15.7736 -12.6986
15.7982 -12.6681
15.8227 -12.6374
15.8471 -12.6068
15.8715 -12.5761
15.8958 -12.5453
15.9201 -12.5145
15.9443 -12.4836
15.9685 -12.4527
15.9925 -12.4218
16.0166 -12.3908
16.0405 -12.3598
16.0644 -12.3287
16.0883 -12.2975
16.1121 -12.2664
16.1358 -12.2351
16.1595 -12.2039
16.1831 -12.1726
16.2066 -12.1412
16.2301 -12.1098
16.2535 -12.0783
16.2769 -12.0468
16.3002 -12.0153
16.3234 -11.9837
16.3466 -11.9521
16.3697 -11.9204
16.3928 -11.8887
16.4157 -11.8569
16.4387 -11.8251
16.4615 -11.7932
16.4844 -11.7613
16.5071 -11.7294
16.5298 -11.6974
16.5524 -11.6654
16.575 -11.6333
16.5975 -11.6012
16.6199 -11.569
16.6423 -11.5368
16.6646 -11.5045
16.6868 -11.4722
16.709 -11.4399
16.7536 -11.3745
16.7756 -11.3421
16.7975 -11.3095
16.8194 -11.277
16.8412 -11.2444
16.8629 -11.2118
16.8846 -11.1791
16.9062 -11.1464
16.9278 -11.1136
16.9493 -11.0808
16.9707 -11.048
16.9921 -11.0151
17.0134 -10.9821
17.0346 -10.9492
17.0558 -10.9162
17.0769 -10.8831
17.0979 -10.85
17.1189 -10.8169
17.1398 -10.7837
17.1607 -10.7505
17.1815 -10.7173
17.2022 -10.684
17.2229 -10.6506
17.2434 -10.6173
17.264 -10.5838
17.2844 -10.5504
17.3048 -10.5169
17.3252 -10.4834
17.3454 -10.4498
17.3656 -10.4162
17.3858 -10.3825
17.4059 -10.3488
17.4259 -10.3151
17.4458 -10.2814
17.4657 -10.2475
17.4855 -10.2137
17.5052 -10.1798
17.5249 -10.1459
17.5445 -10.1119
17.5641 -10.078
17.5836 -10.0439
17.5579 -10.0097
17.5364 -9.96831
17.5148 -9.92688
17.4932 -9.88543
17.4716 -9.84397
17.4499 -9.80248
17.4282 -9.76099
17.4065 -9.71947
17.3848 -9.67794
17.363 -9.6364
17.3412 -9.59484
17.3194 -9.55326
17.2975 -9.51166
17.2756 -9.47005
17.2537 -9.42842
17.2317 -9.38678
17.2098 -9.34512
17.1877 -9.30344
17.1657 -9.26175
17.1436 -9.22004
17.1215 -9.17831
17.0994 -9.13657
17.0772 -9.09481
17.055 -9.05303
17.0328 -9.01123
17.0105 -8.96942
16.9882 -8.92759
16.9659 -8.88574
16.9435 -8.84388
16.9211 -8.802
16.8987 -8.7601
16.8762 -8.71818
16.8537 -8.67625
16.8312 -8.6343
16.8086 -8.59233
16.786 -8.55034
16.7634 -8.50834
16.7407 -8.46632
16.718 -8.42428
16.6953 -8.38222
16.6725 -8.34014
16.6497 -8.29805
16.6268 -8.25594
16.6039 -8.21381
16.581 -8.17166
16.5581 -8.12949
16.5351 -8.0873
16.512 -8.0451
16.4889 -8.00288
16.4658 -7.96064
16.4427 -7.91838
16.4427 -7.91838
16.4902 -7.91013
16.5376 -7.90186
16.585 -7.89358
16.6323 -7.88528
16.6797 -7.87695
16.727 -7.86862
16.7742 -7.86026
16.8214 -7.85189
16.8686 -7.84349
16.9157 -7.83509
16.9628 -7.82666
17.0099 -7.81822
17.0569 -7.80976
17.1039 -7.80128
17.1508 -7.79279
17.1978 -7.78429
17.2446 -7.77576
17.2915 -7.76722
17.3383 -7.75867
17.3851 -7.7501
17.4318 -7.74151
17.4785 -7.73291
17.5252 -7.72429
17.5718 -7.71566
17.6185 -7.70701
17.665 -7.69835
17.7116 -7.68967
17.7581 -7.68098
17.8045 -7.67228
17.851 -7.66356
17.8974 -7.65482
17.9438 -7.64608
17.9901 -7.63732
18.0364 -7.62854
18.0827 -7.61975
18.1289 -7.61095
18.1752 -7.60214
18.2213 -7.59331
18.2675 -7.58447
18.3136 -7.57561
18.3597 -7.56674
18.4058 -7.55786
18.4518 -7.54897
18.4978 -7.54007
18.5437 -7.53115
18.5897 -7.52222
18.6356 -7.51328
18.6815 -7.50432
18.7273 -7.49536
18.7731 -7.48638
18.8158 -7.48511
18.8303 -7.44866
18.8447 -7.41218
18.859 -7.37567
18.8733 -7.33914
18.8874 -7.30257
18.9015 -7.26598
18.9156 -7.22936
18.9295 -7.19272
18.9434 -7.15605
18.9573 -7.11935
18.971 -7.08262
18.9847 -7.04587
18.9983 -7.00909
19.0118 -6.97229
19.0253 -6.93546
19.0387 -6.8986
19.052 -6.86172
19.0653 -6.82481
19.0784 -6.78787
19.0916 -6.75092
19.1046 -6.71393
19.1176 -6.67692
19.1305 -6.63989
19.1433 -6.60283
19.156 -6.56574
19.1687 -6.52863
19.1813 -6.4915
19.1939 -6.45434
19.2063 -6.41716
19.2187 -6.37995
19.231 -6.34272
19.2433 -6.30547
19.2554 -6.26819
19.2676 -6.23089
19.2796 -6.19356
19.2915 -6.15621
19.3034 -6.11884
19.3152 -6.08145
19.327 -6.04403
19.3386 -6.00659
19.362 -5.93097
19.3734 -5.89346
19.3848 -5.85593
19.3961 -5.81838
19.4073 -5.78081
19.4185 -5.74322
19.4296 -5.7056
19.4406 -5.66796
19.4515 -5.6303
19.4624 -5.59262
19.4732 -5.55492
19.4839 -5.5172
19.4946 -5.47946
19.5051 -5.44169
19.5156 -5.40391
19.5261 -5.36611
19.5364 -5.32828
19.5467 -5.29044
19.5569 -5.25258
19.5671 -5.21469
19.5771 -5.17679
19.5871 -5.13887
19.597 -5.10093
19.6069 -5.06297
19.6166 -5.02499
19.6263 -4.98699
19.6359 -4.94897
19.6455 -4.91093
19.655 -4.87288
19.6644 -4.83481
19.6737 -4.79672
19.6829 -4.75861
19.6921 -4.72048
19.7012 -4.68234
19.7103 -4.64418
19.7192 -4.606
19.7281 -4.5678
19.7369 -4.52959
19.7456 -4.49136
19.7543 -4.45311
19.7629 -4.41485
19.7283 -4.38974
19.6955 -4.35651
19.6627 -4.32328
19.6298 -4.29003
19.5969 -4.25679
19.564 -4.22353
19.531 -4.19027
19.4981 -4.157
19.465 -4.12373
19.432 -4.09045
19.3989 -4.05716
19.3658 -4.02386
19.3326 -3.99056
19.2995 -3.95725
19.2662 -3.92393
19.233 -3.89061
19.1997 -3.85728
19.1664 -3.82394
19.133 -3.7906
19.0996 -3.75725
19.0662 -3.72389
19.0328 -3.69052
18.9993 -3.65715
18.9657 -3.62377
18.9322 -3.59039
18.8986 -3.557
18.8649 -3.5236
18.8313 -3.49019
18.7975 -3.45678
18.7638 -3.42336
18.73 -3.38994
18.6962 -3.3565
18.6623 -3.32307
18.6284 -3.28962
18.5945 -3.25617
18.5605 -3.22271
18.5265 -3.18924
18.4925 -3.15577
18.4584 -3.12229
18.4242 -3.0888
18.3901 -3.05531
18.3559 -3.02181
18.3216 -2.9883
18.2873 -2.95479
18.253 -2.92127
18.2186 -2.88775
18.1842 -2.85421
18.1498 -2.82068
18.1153 -2.78713
18.0807 -2.75358
18.0462 -2.72002
18.0462 -2.72002
18.0891 -2.69815
18.132 -2.67627
18.1748 -2.65438
18.2176 -2.63248
18.2604 -2.61058
18.3031 -2.58868
18.3458 -2.56677
18.3885 -2.54485
18.4311 -2.52293
18.4736 -2.501
18.5162 -2.47907
18.5586 -2.45713
18.6011 -2.43518
18.6435 -2.41324
18.6858 -2.39128
18.7282 -2.36932
18.7705 -2.34736
18.8127 -2.32539
18.8549 -2.30342
18.8971 -2.28144
18.9392 -2.25945
18.9813 -2.23747
19.0234 -2.21548
19.0654 -2.19348
19.1074 -2.17148
19.1493 -2.14948
19.1913 -2.12747
19.2331 -2.10545
19.275 -2.08344
19.3168 -2.06142
19.3586 -2.03939
19.4003 -2.01737
19.442 -1.99533
19.4837 -1.9733
19.5253 -1.95126
19.5669 -1.92922
19.6085 -1.90717
19.65 -1.88513
19.6915 -1.86307
19.7329 -1.84102
19.7744 -1.81896
19.8158 -1.7969
19.8571 -1.77484
19.8984 -1.75277
19.9397 -1.7307
19.981 -1.70863
20.0222 -1.68655
20.0634 -1.66447
20.1046 -1.64239
20.1457 -1.62031
20.1862 -1.60651
20.1892 -1.56741
20.1922 -1.52831
20.1952 -1.4892
20.198 -1.45009
20.2008 -1.41097
20.2035 -1.37185
20.2061 -1.33272
20.2086 -1.29359
20.2111 -1.25445
20.2135 -1.21531
20.2158 -1.17616
20.2181 -1.13701
20.2202 -1.09785
20.2223 -1.05869
20.2243 -1.01953
20.2263 -0.980362
20.2281 -0.94119
20.2299 -0.902015
20.2316 -0.862837
20.2332 -0.823655
20.2348 -0.78447
20.2363 -0.745283
20.2377 -0.706092
20.239 -0.666899
20.2403 -0.627704
20.2414 -0.588506
20.2425 -0.549305
20.2436 -0.510103
20.2445 -0.470899
20.2454 -0.431693
20.2462 -0.392485
20.2469 -0.353276
20.2476 -0.314066
20.2481 -0.274854
20.2486 -0.235642
20.249 -0.196428
20.2494 -0.157214
20.2497 -0.117999
20.2498 -0.0787843
20.25 -0.0395688
