20.4999 0.0686729
20.4997 0.107134
20.4995 0.145595
20.4992 0.184055
20.4988 0.222515
20.4983 0.260974
20.4978 0.299432
20.4972 0.337889
20.4965 0.376344
20.4958 0.414799
20.495 0.453252
20.4941 0.491703
20.4931 0.530152
20.4921 0.5686
20.491 0.607046
20.4898 0.645489
20.4886 0.683931
20.4873 0.72237
20.4859 0.760806
20.4844 0.79924
20.4829 0.837671
20.4813 0.876098
20.4796 0.914523
20.4778 0.952945
20.476 0.991363
20.4741 1.02978
20.4722 1.06819
20.4701 1.1066
20.468 1.145
20.4658 1.1834
20.4636 1.22179
20.4612 1.26019
20.4588 1.29857
20.4564 1.33695
20.4538 1.37533
20.4512 1.4137
20.4485 1.45207
20.4457 1.49043
20.4429 1.52879
20.44 1.56714
20.437 1.60549
20.434 1.64383
20.3943 1.6572
20.354 1.67886
20.3136 1.70052
20.2731 1.72217
20.2327 1.74382
20.1922 1.76547
20.1517 1.78711
20.1111 1.80875
20.0706 1.83039
20.0299 1.85203
19.9893 1.87366
19.9486 1.89529
19.9079 1.91692
19.8672 1.93854
19.8264 1.96016
19.7856 1.98178
19.7448 2.00339
19.7039 2.025
19.663 2.04661
19.6221 2.06821
19.5811 2.08981
19.5401 2.11141
19.4991 2.133
19.458 2.15459
19.4169 2.17618
19.3758 2.19776
19.3346 2.21934
19.2934 2.24091
19.2521 2.26248
19.2109 2.28405
19.1695 2.30561
19.1282 2.32716
19.0868 2.34872
19.0454 2.37027
19.0039 2.39181
18.9624 2.41335
18.9209 2.43488
18.8793 2.45641
18.8377 2.47794
18.7961 2.49946
18.7544 2.52097
18.7127 2.54248
18.6709 2.56399
18.6291 2.58549
18.5873 2.60698
18.5454 2.62847
18.5035 2.64995
18.4616 2.67143
18.4196 2.6929
18.3775 2.71437
18.3355 2.73583
18.2934 2.75728
18.2934 2.75728
18.3273 2.79019
18.3612 2.8231
18.395 2.856
18.4288 2.8889
18.4625 2.92178
18.4963 2.95467
18.5299 2.98754
18.5636 3.02041
18.5972 3.05328
18.6307 3.08613
18.6643 3.11898
18.6978 3.15183
18.7312 3.18467
18.7646 3.2175
18.798 3.25032
18.8313 3.28314
18.8646 3.31596
18.8979 3.34876
18.9311 3.38156
18.9643 3.41436
18.9975 3.44714
19.0306 3.47993
19.0637 3.5127
19.0967 3.54547
19.1298 3.57823
19.1627 3.61098
19.1957 3.64373
19.2286 3.67648
19.2615 3.70921
19.2943 3.74194
19.3272 3.77466
19.3599 3.80738
19.3927 3.84009
19.4254 3.87279
19.4581 3.90549
19.4907 3.93818
19.5234 3.97086
19.5559 4.00354
19.5885 4.03621
19.621 4.06888
19.6535 4.10153
19.686 4.13418
19.7184 4.16683
19.7508 4.19947
19.7832 4.2321
19.8155 4.26472
19.8478 4.29734
19.8801 4.32995
19.9123 4.36256
19.9445 4.39516
19.9767 4.42775
20.0107 4.45222
20.0023 4.48976
19.9938 4.52728
19.9853 4.56478
19.9767 4.60227
19.968 4.63974
19.9593 4.6772
19.9505 4.71464
19.9416 4.75206
19.9327 4.78947
19.9236 4.82685
19.9146 4.86423
19.9054 4.90158
19.8962 4.93892
19.8869 4.97624
19.8775 5.01354
19.868 5.05082
19.8585 5.08809
19.849 5.12534
19.8393 5.16257
19.8296 5.19978
19.8198 5.23698
19.8099 5.27416
19.8 5.31131
19.79 5.34845
19.7799 5.38557
19.7698 5.42267
19.7596 5.45975
19.7493 5.49682
19.739 5.53386
19.7285 5.57088
19.7181 5.60789
19.7075 5.64487
19.6969 5.68184
19.6862 5.71878
19.6754 5.75571
19.6646 5.79261
19.6537 5.8295
19.6427 5.86636
19.6317 5.9032
19.6206 5.94002
19.6094 5.97683
19.5689 6.10807
19.5574 6.14477
19.5458 6.18146
19.5342 6.21812
19.5225 6.25475
19.5107 6.29137
19.4989 6.32797
19.487 6.36454
19.475 6.40109
19.463 6.43761
19.4509 6.47412
19.4387 6.5106
19.4264 6.54706
19.4141 6.5835
19.4017 6.61991
19.3893 6.6563
19.3767 6.69266
19.3642 6.72901
19.3515 6.76532
19.3388 6.80162
19.326 6.83789
19.3131 6.87414
19.3002 6.91036
19.2872 6.94656
19.2741 6.98273
19.261 7.01888
19.2478 7.055
19.2345 7.0911
19.2212 7.12718
19.2078 7.16323
19.1943 7.19925
19.1807 7.23525
19.1671 7.27123
19.1535 7.30717
19.1397 7.3431
19.1259 7.37899
19.112 7.41486
19.0981 7.45071
19.0841 7.48653
19.07 7.52232
19.0558 7.55808
19.0416 7.59382
18.9998 7.59491
18.9548 7.60371
18.9099 7.61249
18.8648 7.62127
18.8198 7.63003
18.7747 7.63879
18.7296 7.64753
18.6845 7.65625
18.6394 7.66497
18.5942 7.67368
18.549 7.68237
18.5037 7.69105
18.4585 7.69972
18.4131 7.70837
18.3678 7.71701
18.3225 7.72564
18.2771 7.73426
18.2316 7.74287
18.1862 7.75146
18.1407 7.76004
18.0952 7.7686
18.0496 7.77715
18.0041 7.78569
17.9585 7.79422
17.9128 7.80273
17.8671 7.81122
17.8214 7.81971
17.7757 7.82818
17.7299 7.83663
17.6841 7.84507
17.6383 7.8535
17.5924 7.86191
17.5465 7.8703
17.5006 7.87869
17.4546 7.88705
17.4086 7.8954
17.3626 7.90374
17.3165 7.91206
17.2704 7.92037
17.2243 7.92866
17.1781 7.93693
17.1319 7.94519
17.0857 7.95343
17.0394 7.96165
16.9931 7.96986
16.9468 7.97805
16.9004 7.98623
16.854 7.99439
16.8075 8.00253
16.761 8.01065
16.7145 8.01876
16.6679 8.02685
16.6679 8.02685
16.6906 8.0683
16.7133 8.10973
16.7359 8.15114
16.7585 8.19253
16.7811 8.23391
16.8036 8.27527
16.8261 8.31661
16.8486 8.35793
16.871 8.39924
16.8934 8.44053
16.9157 8.4818
16.938 8.52306
16.9603 8.5643
16.9826 8.60552
17.0048 8.64673
17.027 8.68791
17.0491 8.72908
17.0713 8.77024
17.0933 8.81138
17.1154 8.8525
17.1374 8.8936
17.1594 8.93469
17.1814 8.97576
17.2033 9.01682
17.2252 9.05785
17.247 9.09888
17.2689 9.13988
17.2907 9.18087
17.3124 9.22185
17.3342 9.2628
17.3559 9.30374
17.3776 9.34467
17.3992 9.38558
17.4209 9.42647
17.4425 9.46735
17.464 9.50821
17.4856 9.54906
17.5071 9.58989
17.5285 9.6307
17.55 9.6715
17.5714 9.71229
17.5928 9.75305
17.6142 9.79381
17.6355 9.83454
17.6568 9.87527
17.6781 9.91597
17.6994 9.95667
17.7206 9.99734
17.7418 10.038
17.763 10.0787
17.7841 10.1193
17.8094 10.1527
17.7903 10.1861
17.7711 10.2194
17.7519 10.2528
17.7327 10.286
17.7133 10.3193
17.6939 10.3525
17.6745 10.3857
17.655 10.4188
17.6354 10.4519
17.6157 10.485
17.596 10.518
17.5763 10.551
17.5565 10.584
17.5366 10.6169
17.5166 10.6498
17.4966 10.6826
17.4765 10.7154
17.4564 10.7482
17.4362 10.7809
17.4159 10.8136
17.3956 10.8463
17.3752 10.8789
17.3548 10.9115
17.3343 10.944
17.3137 10.9765
17.2931 11.009
17.2724 11.0414
17.2517 11.0738
17.2309 11.1062
17.21 11.1385
17.1891 11.1707
17.1681 11.203
17.147 11.2352
17.1259 11.2673
17.1048 11.2994
17.0835 11.3315
17.0622 11.3635
17.0409 11.3955
17.0195 11.4275
16.998 11.4594
16.9765 11.4913
16.8991 11.6047
16.8773 11.6364
16.8555 11.6681
16.8335 11.6997
16.8115 11.7312
16.7895 11.7628
16.7674 11.7942
16.7453 11.8257
16.723 11.8571
16.7008 11.8884
16.6784 11.9197
16.656 11.951
16.6336 11.9822
16.6111 12.0134
16.5885 12.0446
16.5659 12.0757
16.5432 12.1067
16.5205 12.1377
16.4976 12.1687
16.4748 12.1996
16.4519 12.2305
16.4289 12.2614
16.4059 12.2922
16.3828 12.3229
16.3596 12.3537
16.3364 12.3843
16.3132 12.415
16.2898 12.4455
16.2665 12.4761
16.243 12.5066
16.2195 12.537
16.196 12.5674
16.1724 12.5978
16.1487 12.6281
16.125 12.6584
16.1012 12.6886
16.0774 12.7188
16.0535 12.749
16.0295 12.7791
16.0055 12.8091
15.9815 12.8391
15.9574 12.8691
15.917 12.8578
15.8715 12.8529
15.8259 12.8481
15.7803 12.8432
15.7347 12.8383
15.6891 12.8334
15.6434 12.8284
15.5977 12.8235
15.552 12.8185
15.5062 12.8135
15.4605 12.8085
15.4147 12.8034
15.3689 12.7984
15.323 12.7933
15.2772 12.7882
15.2313 12.7831
15.1854 12.7779
15.1394 12.7727
15.0934 12.7676
15.0475 12.7623
15.0014 12.7571
14.9554 12.7519
14.9093 12.7466
14.8632 12.7413
14.8171 12.736
14.771 12.7306
14.7248 12.7253
14.6786 12.7199
14.6324 12.7145
14.5861 12.709
14.5398 12.7036
14.4935 12.6981
14.4472 12.6926
14.4008 12.6871
14.3544 12.6815
14.308 12.6759
14.2616 12.6703
14.2151 12.6647
14.1686 12.659
14.1221 12.6534
14.0755 12.6477
14.0289 12.6419
13.9823 12.6362
13.9357 12.6304
13.889 12.6246
13.8423 12.6188
13.7956 12.6129
13.7488 12.607
13.702 12.6011
13.6552 12.5952
13.6083 12.5892
13.5615 12.5832
13.5615 12.5832
13.5709 12.6295
13.5804 12.6758
13.5898 12.722
13.5992 12.7682
13.6086 12.8144
13.6179 12.8606
13.6272 12.9067
13.6365 12.9528
13.6457 12.9989
13.655 13.045
13.6642 13.091
13.6733 13.137
13.6825 13.183
13.6916 13.2289
13.7007 13.2748
13.7097 13.3207
13.7187 13.3666
13.7277 13.4124
13.7367 13.4583
13.7457 13.5041
13.7546 13.5498
13.7635 13.5956
13.7724 13.6413
13.7812 13.687
13.7901 13.7326
13.7989 13.7783
13.8076 13.8239
13.8164 13.8695
13.8251 13.9151
13.8338 13.9606
13.8425 14.0061
13.8512 14.0516
13.8598 14.0971
13.8684 14.1426
13.877 14.188
13.8855 14.2334
13.8941 14.2788
13.9026 14.3241
13.9111 14.3695
13.9196 14.4148
13.928 14.4601
13.9364 14.5053
13.9448 14.5506
13.9532 14.5958
13.9616 14.641
13.9699 14.6861
13.9782 14.7313
13.9865 14.7764
13.9948 14.8215
14.0031 14.8666
14.0113 14.9117
14.0256 14.951
13.9975 14.9773
13.9694 15.0035
13.9412 15.0297
13.913 15.0559
13.8847 15.0819
13.8564 15.108
13.828 15.1339
13.7996 15.1598
13.7711 15.1857
13.7426 15.2115
13.7141 15.2373
13.6854 15.263
13.6568 15.2886
13.6281 15.3142
13.5993 15.3398
13.5705 15.3653
13.5417 15.3907
13.5128 15.4161
13.4838 15.4414
13.4548 15.4667
13.4258 15.4919
13.3967 15.517
13.3676 15.5421
13.3384 15.5672
13.3091 15.5922
13.2799 15.6171
13.2505 15.642
13.2212 15.6669
13.1918 15.6916
13.1623 15.7164
13.1328 15.741
13.1032 15.7656
13.0736 15.7902
13.044 15.8147
13.0143 15.8391
12.9845 15.8635
12.9548 15.8879
12.9249 15.9121
12.895 15.9364
12.8651 15.9605
12.8352 15.9846
12.7278 16.0703
12.6976 16.0941
12.6674 16.1179
12.6371 16.1417
12.6068 16.1653
12.5765 16.189
12.5461 16.2125
12.5156 16.236
12.4851 16.2595
12.4546 16.2829
12.4241 16.3062
12.3934 16.3295
12.3628 16.3527
12.3321 16.3759
12.3013 16.399
12.2705 16.4221
12.2397 16.445
12.2088 16.468
12.1779 16.4909
12.147 16.5137
12.1159 16.5364
12.0849 16.5591
12.0538 16.5818
12.0227 16.6044
11.9915 16.6269
11.9603 16.6494
11.929 16.6718
11.8977 16.6941
11.8664 16.7164
11.835 16.7387
11.8036 16.7608
11.7721 16.7829
11.7406 16.805
11.7091 16.827
11.6775 16.8489
11.6458 16.8708
11.6142 16.8926
11.5824 16.9144
11.5507 16.9361
11.5189 16.9577
11.4871 16.9793
11.4552 17.0008
11.42 16.9782
11.3779 16.9601
11.3358 16.942
11.2936 16.9239
11.2515 16.9058
11.2093 16.8876
11.1671 16.8695
11.1249 16.8513
11.0827 16.833
11.0405 16.8148
10.9982 16.7965
10.956 16.7782
10.9137 16.7598
10.8714 16.7415
10.8291 16.7231
10.7867 16.7046
10.7444 16.6862
10.702 16.6677
10.6596 16.6492
10.6172 16.6307
10.5747 16.6121
10.5323 16.5935
10.4898 16.5749
10.4473 16.5562
10.4048 16.5376
10.3623 16.5189
10.3198 16.5001
10.2772 16.4814
10.2346 16.4626
10.192 16.4437
10.1494 16.4249
10.1068 16.406
10.0641 16.3871
10.0215 16.3681
9.97876 16.3491
9.93605 16.3301
9.89332 16.3111
9.85057 16.292
9.8078 16.2729
9.76501 16.2538
9.7222 16.2346
9.67937 16.2154
9.63653 16.1961
9.59366 16.1769
9.55077 16.1576
9.50786 16.1382
9.46494 16.1188
9.42199 16.0994
9.37902 16.08
9.33604 16.0605
9.29303 16.041
9.25 16.0215
9.25 16.0215
9.24541 16.0685
9.24081 16.1155
9.23618 16.1625
9.23153 16.2094
9.22686 16.2563
9.22218 16.3032
9.21747 16.35
9.21275 16.3968
9.208 16.4435
9.20324 16.4903
9.19846 16.537
9.19366 16.5836
9.18884 16.6302
9.184 16.6768
9.17915 16.7234
9.17428 16.7699
9.16939 16.8164
9.16448 16.8629
9.15955 16.9093
9.15461 16.9557
9.14965 17.0021
9.14467 17.0484
9.13968 17.0947
9.13467 17.141
9.12964 17.1872
9.12459 17.2334
9.11953 17.2796
9.11446 17.3258
9.10937 17.3719
9.10426 17.418
9.09913 17.464
9.09399 17.5101
9.08884 17.5561
9.08367 17.602
9.07848 17.648
9.07328 17.6939
9.06806 17.7398
9.06283 17.7856
9.05759 17.8314
9.05233 17.8772
9.04705 17.923
9.04176 17.9687
9.03646 18.0144
9.03114 18.0601
9.02581 18.1058
9.02046 18.1514
9.0151 18.197
9.00973 18.2426
9.00434 18.2881
8.99894 18.3336
8.99353 18.3791
8.99557 18.4209
8.96099 18.4377
8.92639 18.4545
8.89175 18.4712
8.85708 18.4879
8.82237 18.5045
8.78764 18.521
8.75288 18.5375
8.71808 18.5538
8.68326 18.5702
8.6484 18.5864
8.61351 18.6026
8.5786 18.6187
8.54365 18.6348
8.50867 18.6508
8.47367 18.6667
8.43863 18.6826
8.40356 18.6984
8.36847 18.7141
8.33334 18.7298
8.29819 18.7454
8.263 18.7609
8.22779 18.7764
8.19255 18.7918
8.15727 18.8071
8.12197 18.8224
8.08665 18.8376
8.05129 18.8528
8.0159 18.8678
7.98049 18.8828
7.94505 18.8978
7.90958 18.9127
7.87408 18.9275
7.83856 18.9422
7.80301 18.9569
7.76743 18.9715
7.73182 18.986
7.69618 19.0005
7.66052 19.0149
7.62483 19.0292
7.58912 19.0435
7.55337 19.0577
7.42552 19.1079
7.38966 19.1218
7.35377 19.1356
7.31786 19.1494
7.28192 19.1631
7.24595 19.1767
7.20996 19.1903
7.17394 19.2038
7.1379 19.2172
7.10183 19.2305
7.06574 19.2438
7.02962 19.2571
6.99348 19.2702
6.95731 19.2833
6.92112 19.2963
6.88491 19.3093
6.84867 19.3222
6.8124 19.335
6.77612 19.3477
6.73981 19.3604
6.70347 19.373
6.66711 19.3856
6.63073 19.398
6.59432 19.4104
6.55789 19.4228
6.52144 19.435
6.48497 19.4472
6.44847 19.4594
6.41195 19.4714
6.37541 19.4834
6.33884 19.4954
6.30225 19.5072
6.26564 19.519
6.22901 19.5307
6.19236 19.5424
6.15568 19.554
6.11898 19.5655
6.08226 19.5769
6.04552 19.5883
6.00876 19.5996
5.97198 19.6109
5.93518 19.622
5.90823 19.59
5.87333 19.5603
5.83841 19.5306
5.80349 19.5009
5.76855 19.4712
5.73361 19.4414
5.69866 19.4116
5.6637 19.3817
5.62874 19.3519
5.59376 19.322
5.55877 19.292
5.52378 19.2621
5.48878 19.2321
5.45376 19.2021
5.41874 19.172
5.38371 19.1419
5.34867 19.1118
5.31363 19.0817
5.27857 19.0515
5.2435 19.0213
5.20843 18.991
5.17335 18.9608
5.13825 18.9304
5.10315 18.9001
5.06804 18.8697
5.03292 18.8393
4.99779 18.8089
4.96266 18.7784
4.92751 18.7479
4.89235 18.7173
4.85719 18.6868
4.82201 18.6561
4.78683 18.6255
4.75164 18.5948
4.71644 18.5641
4.68123 18.5333
4.64601 18.5025
4.61078 18.4717
4.57555 18.4408
4.5403 18.4099
4.50504 18.379
4.46978 18.348
4.43451 18.317
4.39922 18.286
4.36393 18.2549
4.32863 18.2237
4.29332 18.1926
4.258 18.1614
4.22268 18.1301
4.18734 18.0988
4.15199 18.0675
4.11664 18.0362
4.11664 18.0362
4.09839 18.0798
4.08013 18.1233
4.06187 18.1668
4.04359 18.2103
4.02531 18.2537
4.00702 18.2971
3.98872 18.3405
3.97041 18.3838
3.9521 18.4271
3.93377 18.4704
3.91544 18.5136
3.8971 18.5567
3.87875 18.5999
3.8604 18.643
3.84204 18.686
3.82366 18.7291
3.80529 18.772
3.7869 18.815
3.76851 18.8579
3.75011 18.9008
3.7317 18.9436
3.71329 18.9864
3.69487 19.0292
3.67644 19.072
3.65801 19.1147
3.63957 19.1573
3.62112 19.2
3.60267 19.2426
3.58421 19.2851
3.56574 19.3277
3.54727 19.3702
3.52879 19.4126
3.5103 19.4551
3.49181 19.4975
3.47332 19.5399
3.45482 19.5822
3.43631 19.6245
3.41779 19.6668
3.39928 19.709
3.38075 19.7512
3.36222 19.7934
3.34369 19.8355
3.32515 19.8776
3.3066 19.9197
3.28805 19.9618
3.26949 20.0038
3.25093 20.0458
3.23237 20.0878
3.2138 20.1297
3.19522 20.1716
3.17664 20.2134
3.16627 20.254
3.12826 20.2599
3.09024 20.2657
3.05222 20.2715
3.01418 20.2772
2.97613 20.2828
2.93807 20.2884
2.9 20.2938
2.86192 20.2992
2.82383 20.3046
2.78573 20.3098
2.74762 20.315
2.7095 20.3202
2.67137 20.3252
2.63324 20.3302
2.59509 20.3351
2.55693 20.3399
2.51877 20.3447
2.48059 20.3494
2.44241 20.354
2.40422 20.3585
2.36602 20.363
2.32781 20.3674
2.28959 20.3717
2.25137 20.376
2.21313 20.3802
2.17489 20.3843
2.13664 20.3883
2.09839 20.3923
2.06012 20.3962
2.02185 20.4001
1.98358 20.4038
1.94529 20.4075
1.907 20.4111
1.8687 20.4147
1.8304 20.4181
1.79209 20.4215
1.75377 20.4248
1.71545 20.4281
1.67712 20.4313
1.63878 20.4344
1.60044 20.4374
1.46348 20.4477
1.42511 20.4504
1.38674 20.453
1.34836 20.4556
1.30998 20.4581
1.2716 20.4605
1.23321 20.4629
1.19482 20.4652
1.15642 20.4674
1.11801 20.4695
1.07961 20.4716
1.0412 20.4735
1.00278 20.4755
0.964367 20.4773
0.925947 20.4791
0.887523 20.4808
0.849096 20.4824
0.810666 20.484
0.772233 20.4854
0.733797 20.4869
0.695359 20.4882
0.656919 20.4895
0.618476 20.4907
0.580031 20.4918
0.541583 20.4928
0.503134 20.4938
0.464684 20.4947
0.426231 20.4956
0.387777 20.4963
0.349322 20.497
0.310865 20.4976
0.272408 20.4982
0.233949 20.4987
0.19549 20.4991
0.157029 20.4994
0.118569 20.4997
0.0801078 20.4998
0.0416464 20.5
0.00318488 20.5
-0.0352766 20.5
-0.073738 20.4999
-0.112199 20.4997
-0.128501 20.4611
-0.153114 20.4225
-0.177727 20.3838
-0.20234 20.3451
-0.226952 20.3064
-0.251564 20.2677
-0.276175 20.2289
-0.300786 20.1901
-0.325397 20.1512
-0.350007 20.1123
-0.374617 20.0734
-0.399226 20.0345
-0.423834 19.9955
-0.448442 19.9565
-0.473048 19.9175
-0.497655 19.8784
-0.52226 19.8393
-0.546864 19.8001
-0.571468 19.761
-0.59607 19.7218
-0.620672 19.6825
-0.645272 19.6433
-0.669872 19.6039
-0.69447 19.5646
-0.719067 19.5252
-0.743662 19.4858
-0.768257 19.4464
-0.79285 19.4069
-0.817441 19.3674
-0.842031 19.3278
-0.86662 19.2882
-0.891206 19.2486
-0.915792 19.209
-0.940375 19.1693
-0.964957 19.1295
-0.989536 19.0898
-1.01411 19.0499
-1.03869 19.0101
-1.06326 18.9702
-1.08784 18.9303
-1.11241 18.8904
-1.13697 18.8504
-1.16154 18.8103
-1.1861 18.7703
-1.21066 18.7301
-1.23522 18.69
-1.25977 18.6498
-1.28433 18.6096
-1.30888 18.5693
-1.33342 18.529
-1.35797 18.4887
-1.38251 18.4483
-1.38251 18.4483
-1.41279 18.4845
-1.44308 18.5208
-1.47336 18.557
-1.50363 18.5931
-1.53391 18.6293
-1.56418 18.6653
-1.59444 18.7014
-1.62471 18.7374
-1.65497 18.7733
-1.68523 18.8093
-1.71548 18.8452
-1.74573 18.881
-1.77598 18.9168
-1.80622 18.9526
-1.83646 18.9883
-1.8667 19.024
-1.89693 19.0597
-1.92716 19.0953
-1.95738 19.1309
-1.9876 19.1664
-2.01782 19.202
-2.04804 19.2374
-2.07825 19.2729
-2.10845 19.3083
-2.13866 19.3437
-2.16885 19.379
-2.19905 19.4143
-2.22924 19.4496
-2.25943 19.4848
-2.28961 19.52
-2.31979 19.5552
-2.34996 19.5903
-2.38013 19.6254
-2.4103 19.6605
-2.44046 19.6955
-2.47062 19.7305
-2.50078 19.7655
-2.53093 19.8004
-2.56108 19.8353
-2.59122 19.8702
-2.62136 19.9051
-2.65149 19.9399
-2.68162 19.9746
-2.71175 20.0094
-2.74187 20.0441
-2.77199 20.0788
-2.8021 20.1134
-2.83221 20.1481
-2.86231 20.1827
-2.89241 20.2172
-2.92251 20.2518
-2.94437 20.2875
-2.98243 20.2819
-3.02048 20.2763
-3.05852 20.2706
-3.09654 20.2648
-3.13456 20.2589
-3.17256 20.253
-3.21055 20.247
-3.24853 20.241
-3.2865 20.2348
-3.32446 20.2286
-3.36241 20.2224
-3.40034 20.216
-3.43827 20.2096
-3.47618 20.2031
-3.51407 20.1966
-3.55196 20.1899
-3.58983 20.1832
-3.6277 20.1765
-3.66554 20.1696
-3.70338 20.1627
-3.7412 20.1557
-3.77901 20.1487
-3.81681 20.1415
-3.85459 20.1344
-3.89236 20.1271
-3.93011 20.1197
-3.96785 20.1123
-4.00558 20.1049
-4.04329 20.0973
-4.08099 20.0897
-4.11868 20.082
-4.15635 20.0742
-4.194 20.0664
-4.23164 20.0585
-4.26927 20.0505
-4.30688 20.0425
-4.34447 20.0344
-4.38205 20.0262
-4.41962 20.0179
-4.45717 20.0096
-4.4947 20.0012
-4.6286 19.9706
-4.66606 19.9619
-4.70351 19.9531
-4.74094 19.9443
-4.77835 19.9353
-4.81574 19.9263
-4.85312 19.9173
-4.89048 19.9081
-4.92782 19.8989
-4.96514 19.8896
-5.00245 19.8803
-5.03974 19.8709
-5.07701 19.8614
-5.11427 19.8518
-5.1515 19.8422
-5.18872 19.8325
-5.22592 19.8227
-5.2631 19.8129
-5.30027 19.803
-5.33741 19.793
-5.37454 19.7829
-5.41164 19.7728
-5.44873 19.7626
-5.4858 19.7524
-5.52285 19.742
-5.55988 19.7316
-5.59689 19.7212
-5.63388 19.7106
-5.67085 19.7
-5.7078 19.6894
-5.74473 19.6786
-5.78164 19.6678
-5.81853 19.6569
-5.8554 19.646
-5.89225 19.635
-5.92908 19.6239
-5.96589 19.6127
-6.00267 19.6015
-6.03944 19.5902
-6.07618 19.5788
-6.1129 19.5674
-6.14961 19.5559
-6.15382 19.5142
-6.16595 19.4701
-6.17807 19.4259
-6.19019 19.3816
-6.20229 19.3374
-6.21439 19.2931
-6.22647 19.2488
-6.23855 19.2044
-6.25062 19.16
-6.26267 19.1156
-6.27472 19.0712
-6.28676 19.0267
-6.29878 18.9822
-6.3108 18.9377
-6.32281 18.8931
-6.3348 18.8486
-6.34679 18.8039
-6.35876 18.7593
-6.37073 18.7146
-6.38268 18.6699
-6.39462 18.6251
-6.40655 18.5804
-6.41847 18.5355
-6.43038 18.4907
-6.44228 18.4458
-6.45417 18.4009
-6.46604 18.356
-6.47791 18.311
-6.48976 18.266
-6.5016 18.2209
-6.51342 18.1759
-6.52524 18.1308
-6.53704 18.0856
-6.54883 18.0404
-6.56061 17.9952
-6.57238 17.95
-6.58413 17.9047
-6.59587 17.8594
-6.6076 17.814
-6.61931 17.7686
-6.63101 17.7232
-6.6427 17.6778
-6.65437 17.6323
-6.66603 17.5867
-6.67768 17.5412
-6.68931 17.4956
-6.70093 17.4499
-6.71254 17.4042
-6.72413 17.3585
-6.7357 17.3128
-6.74726 17.267
-6.75881 17.2212
-6.75881 17.2212
-6.79844 17.2469
-6.83806 17.2726
-6.87767 17.2983
-6.91726 17.3239
-6.95683 17.3495
-6.99639 17.375
-7.03594 17.4006
-7.07547 17.426
-7.11499 17.4515
-7.15449 17.4769
-7.19397 17.5023
-7.23345 17.5276
-7.2729 17.5529
-7.31235 17.5782
-7.35178 17.6034
-7.39119 17.6286
-7.43059 17.6538
-7.46998 17.6789
-7.50935 17.704
-7.54871 17.7291
-7.58805 17.7541
-7.62738 17.7791
-7.6667 17.8041
-7.706 17.829
-7.74529 17.8539
-7.78456 17.8788
-7.82382 17.9036
-7.86307 17.9284
-7.9023 17.9532
-7.94152 17.9779
-7.98072 18.0026
-8.01991 18.0273
-8.05909 18.052
-8.09825 18.0766
-8.1374 18.1012
-8.17654 18.1257
-8.21566 18.1503
-8.25477 18.1748
-8.29386 18.1992
-8.33295 18.2237
-8.37202 18.2481
-8.41107 18.2725
-8.45011 18.2968
-8.48914 18.3211
-8.52816 18.3454
-8.56716 18.3697
-8.60615 18.3939
-8.64513 18.4181
-8.68409 18.4423
-8.72304 18.4665
-8.76198 18.4906
-8.7934 18.5183
-8.82812 18.5017
-8.86282 18.4851
-8.89749 18.4685
-8.93212 18.4518
-8.96672 18.435
-9.00129 18.4181
-9.03583 18.4012
-9.07034 18.3842
-9.10482 18.3672
-9.13926 18.35
-9.17367 18.3329
-9.20805 18.3156
-9.2424 18.2983
-9.27671 18.2809
-9.311 18.2635
-9.34525 18.246
-9.37946 18.2284
-9.41365 18.2108
-9.4478 18.1931
-9.48191 18.1754
-9.516 18.1575
-9.55005 18.1396
-9.58406 18.1217
-9.61804 18.1037
-9.65199 18.0856
-9.68591 18.0675
-9.71979 18.0493
-9.75363 18.031
-9.78745 18.0127
-9.82122 17.9943
-9.85497 17.9758
-9.88868 17.9573
-9.92235 17.9387
-9.95599 17.9201
-9.98959 17.9013
-10.0232 17.8826
-10.0567 17.8637
-10.0902 17.8448
-10.1237 17.8259
-10.1571 17.8068
-10.1905 17.7878
-10.3094 17.7191
-10.3426 17.6997
-10.3758 17.6803
-10.409 17.6608
-10.4421 17.6412
-10.4752 17.6216
-10.5082 17.6019
-10.5412 17.5822
-10.5742 17.5624
-10.6071 17.5425
-10.64 17.5226
-10.6729 17.5026
-10.7057 17.4825
-10.7385 17.4624
-10.7712 17.4422
-10.8039 17.422
-10.8366 17.4017
-10.8692 17.3813
-10.9018 17.3609
-10.9344 17.3404
-10.9669 17.3199
-10.9994 17.2993
-11.0318 17.2786
-11.0642 17.2579
-11.0966 17.2371
-11.1289 17.2162
-11.1612 17.1953
-11.1934 17.1743
-11.2256 17.1533
-11.2578 17.1322
-11.2899 17.1111
-11.322 17.0899
-11.354 17.0686
-11.386 17.0472
-11.418 17.0259
-11.4499 17.0044
-11.4818 16.9829
-11.5136 16.9613
-11.5454 16.9397
-11.5772 16.918
-11.6089 16.8962
-11.6406 16.8744
-11.6323 16.8334
-11.6309 16.7876
-11.6295 16.7418
-11.628 16.696
-11.6265 16.6501
-11.625 16.6042
-11.6235 16.5583
-11.622 16.5124
-11.6204 16.4664
-11.6189 16.4204
-11.6173 16.3744
-11.6157 16.3284
-11.6141 16.2823
-11.6124 16.2362
-11.6108 16.1901
-11.6091 16.144
-11.6074 16.0978
-11.6057 16.0516
-11.6039 16.0054
-11.6022 15.9591
-11.6004 15.9128
-11.5986 15.8665
-11.5968 15.8202
-11.5949 15.7738
-11.5931 15.7274
-11.5912 15.681
-11.5893 15.6346
-11.5874 15.5881
-11.5854 15.5416
-11.5835 15.4951
-11.5815 15.4485
-11.5795 15.4019
-11.5775 15.3553
-11.5754 15.3087
-11.5733 15.262
-11.5712 15.2153
-11.5691 15.1685
-11.567 15.1218
-11.5648 15.075
-11.5626 15.0282
-11.5604 14.9813
-11.5582 14.9344
-11.5559 14.8875
-11.5537 14.8406
-11.5514 14.7936
-11.549 14.7466
-11.5467 14.6995
-11.5443 14.6525
-11.5419 14.6054
-11.5395 14.5582
-11.537 14.5111
-11.5346 14.4639
-11.5346 14.4639
-11.58 14.4768
-11.6255 14.4897
-11.6709 14.5025
-11.7163 14.5154
-11.7616 14.5281
-11.8069 14.5409
-11.8523 14.5536
-11.8975 14.5663
-11.9428 14.579
-11.988 14.5916
-12.0333 14.6042
-12.0784 14.6168
-12.1236 14.6294
-12.1687 14.6419
-12.2139 14.6544
-12.2589 14.6668
-12.304 14.6793
-12.3491 14.6917
-12.3941 14.7041
-12.4391 14.7164
-12.4841 14.7287
-12.529 14.741
-12.5739 14.7533
-12.6188 14.7655
-12.6637 14.7777
-12.7086 14.7899
-12.7534 14.8021
-12.7982 14.8142
-12.843 14.8263
-12.8878 14.8384
-12.9325 14.8505
-12.9773 14.8625
-13.022 14.8745
-13.0666 14.8865
-13.1113 14.8984
-13.1559 14.9104
-13.2005 14.9223
-13.2451 14.9342
-13.2897 14.946
-13.3343 14.9579
-13.3788 14.9697
-13.4233 14.9815
-13.4678 14.9932
-13.5122 15.005
-13.5567 15.0167
-13.6011 15.0284
-13.6455 15.04
-13.6899 15.0517
-13.7342 15.0633
-13.7786 15.0749
-13.8229 15.0865
-13.8611 15.1037
-13.8894 15.0776
-13.9177 15.0515
-13.9459 15.0254
-13.974 14.9992
-14.0022 14.973
-14.0302 14.9467
-14.0582 14.9203
-14.0862 14.8939
-14.1141 14.8675
-14.142 14.841
-14.1698 14.8144
-14.1976 14.7878
-14.2253 14.7611
-14.253 14.7344
-14.2806 14.7076
-14.3082 14.6808
-14.3357 14.6539
-14.3632 14.627
-14.3906 14.6001
-14.4179 14.573
-14.4453 14.546
-14.4725 14.5188
-14.4997 14.4916
-14.5269 14.4644
-14.554 14.4371
-14.5811 14.4098
-14.6081 14.3824
-14.635 14.355
-14.6619 14.3275
-14.6888 14.3
-14.7156 14.2724
-14.7424 14.2448
-14.7691 14.2171
-14.7957 14.1893
-14.8223 14.1616
-14.8488 14.1337
-14.8753 14.1058
-14.9018 14.0779
-14.9282 14.0499
-14.9545 14.0219
-14.9808 13.9938
-15.0742 13.8931
-15.1002 13.8648
-15.1262 13.8365
-15.1521 13.8081
-15.178 13.7796
-15.2039 13.7511
-15.2296 13.7226
-15.2553 13.694
-15.281 13.6653
-15.3066 13.6366
-15.3322 13.6079
-15.3577 13.5791
-15.3831 13.5502
-15.4085 13.5214
-15.4339 13.4924
-15.4592 13.4635
-15.4844 13.4344
-15.5096 13.4053
-15.5347 13.3762
-15.5598 13.3471
-15.5848 13.3178
-15.6097 13.2886
-15.6346 13.2593
-15.6595 13.2299
-15.6843 13.2005
-15.709 13.1711
-15.7337 13.1416
-15.7583 13.112
-15.7829 13.0824
-15.8074 13.0528
-15.8319 13.0231
-15.8563 12.9934
-15.8806 12.9636
-15.9049 12.9338
-15.9292 12.9039
-15.9534 12.874
-15.9775 12.8441
-16.0015 12.8141
-16.0256 12.784
-16.0495 12.7539
-16.0734 12.7238
-16.0973 12.6936
-16.0773 12.6568
-16.0624 12.6135
-16.0475 12.5702
-16.0326 12.5268
-16.0177 12.4834
-16.0027 12.44
-15.9878 12.3966
-15.9728 12.3531
-15.9577 12.3097
-15.9427 12.2662
-15.9276 12.2227
-15.9125 12.1792
-15.8974 12.1356
-15.8822 12.0921
-15.867 12.0485
-15.8518 12.0049
-15.8366 11.9613
-15.8213 11.9176
-15.8061 11.874
-15.7907 11.8303
-15.7754 11.7866
-15.76 11.7429
-15.7446 11.6991
-15.7292 11.6554
-15.7138 11.6116
-15.6983 11.5678
-15.6828 11.524
-15.6672 11.4801
-15.6517 11.4363
-15.6361 11.3924
-15.6205 11.3485
-15.6048 11.3045
-15.5891 11.2606
-15.5734 11.2166
-15.5577 11.1726
-15.5419 11.1286
-15.5261 11.0846
-15.5103 11.0405
-15.4945 10.9964
-15.4786 10.9523
-15.4626 10.9082
-15.4467 10.8641
-15.4307 10.8199
-15.4147 10.7757
-15.3987 10.7315
-15.3826 10.6873
-15.3665 10.643
-15.3503 10.5988
-15.3341 10.5545
-15.3179 10.5101
-15.3017 10.4658
-15.2854 10.4214
-15.2854 10.4214
-15.3327 10.4204
-15.3799 10.4193
-15.4271 10.4182
-15.4742 10.417
-15.5213 10.4159
-15.5684 10.4147
-15.6155 10.4135
-15.6625 10.4123
-15.7095 10.4111
-15.7564 10.4098
-15.8033 10.4085
-15.8502 10.4072
-15.8971 10.4059
-15.9439 10.4046
-15.9907 10.4032
-16.0374 10.4018
-16.0842 10.4004
-16.1309 10.399
-16.1775 10.3976
-16.2242 10.3961
-16.2708 10.3946
-16.3174 10.3931
-16.3639 10.3916
-16.4104 10.3901
-16.4569 10.3885
-16.5034 10.3869
-16.5498 10.3853
-16.5962 10.3837
-16.6426 10.3821
-16.6889 10.3804
-16.7352 10.3788
-16.7815 10.3771
-16.8278 10.3754
-16.874 10.3737
-16.9202 10.3719
-16.9664 10.3702
-17.0125 10.3684
-17.0586 10.3666
-17.1047 10.3648
-17.1508 10.363
-17.1968 10.3611
-17.2428 10.3593
-17.2888 10.3574
-17.3347 10.3555
-17.3806 10.3536
-17.4265 10.3517
-17.4724 10.3498
-17.5182 10.3478
-17.5641 10.3458
-17.6098 10.3439
-17.6556 10.3419
-17.6972 10.347
-17.7165 10.3138
-17.7359 10.2805
-17.7551 10.2472
-17.7743 10.2139
-17.7934 10.1805
-17.8125 10.1471
-17.8315 10.1137
-17.8505 10.0802
-17.8693 10.0467
-17.8882 10.0132
-17.9069 9.9796
-17.9256 9.94599
-17.9442 9.91234
-17.9628 9.87866
-17.9813 9.84494
-17.9997 9.81119
-18.0181 9.7774
-18.0364 9.74358
-18.0547 9.70972
-18.0729 9.67583
-18.091 9.6419
-18.109 9.60794
-18.127 9.57395
-18.145 9.53993
-18.1628 9.50587
-18.1806 9.47177
-18.1984 9.43765
-18.216 9.40349
-18.2337 9.36929
-18.2512 9.33507
-18.2687 9.30081
-18.2861 9.26652
-18.3035 9.23219
-18.3207 9.19784
-18.338 9.16345
-18.3551 9.12903
-18.3722 9.09457
-18.3893 9.06009
-18.4062 9.02557
-18.4231 8.99102
-18.44 8.95644
-18.4996 8.83269
-18.5161 8.79797
-18.5326 8.76322
-18.549 8.72843
-18.5653 8.69361
-18.5816 8.65877
-18.5978 8.62389
-18.614 8.58898
-18.63 8.55404
-18.6461 8.51908
-18.662 8.48408
-18.6779 8.44905
-18.6937 8.41399
-18.7095 8.3789
-18.7251 8.34379
-18.7408 8.30864
-18.7563 8.27346
-18.7718 8.23826
-18.7872 8.20303
-18.8026 8.16776
-18.8179 8.13247
-18.8331 8.09715
-18.8483 8.0618
-18.8634 8.02643
-18.8784 7.99102
-18.8933 7.95559
-18.9082 7.92013
-18.9231 7.88464
-18.9378 7.84912
-18.9525 7.81358
-18.9671 7.77801
-18.9817 7.74241
-18.9962 7.70678
-19.0106 7.67113
-19.025 7.63545
-19.0393 7.59974
-19.0535 7.564
-19.0677 7.52824
-19.0817 7.49246
-19.0958 7.45664
-19.1097 7.4208
-19.1236 7.38494
-19.0937 7.35567
-19.0667 7.31865
-19.0397 7.28161
-19.0127 7.24456
-18.9856 7.20751
-18.9585 7.17044
-18.9314 7.13336
-18.9043 7.09627
-18.8771 7.05916
-18.8499 7.02205
-18.8227 6.98493
-18.7954 6.94779
-18.7681 6.91064
-18.7408 6.87349
-18.7135 6.83632
-18.6861 6.79914
-18.6587 6.76195
-18.6312 6.72474
-18.6037 6.68753
-18.5762 6.6503
-18.5487 6.61307
-18.5211 6.57582
-18.4935 6.53856
-18.4659 6.50129
-18.4382 6.46401
-18.4105 6.42671
-18.3828 6.38941
-18.355 6.35209
-18.3272 6.31476
-18.2994 6.27742
-18.2715 6.24007
-18.2436 6.20271
-18.2157 6.16533
-18.1877 6.12795
-18.1597 6.09055
-18.1317 6.05314
-18.1036 6.01572
-18.0755 5.97828
-18.0473 5.94084
-18.0192 5.90338
-17.9909 5.86591
-17.9627 5.82843
-17.9344 5.79094
-17.9061 5.75343
-17.8777 5.71592
-17.8493 5.67839
-17.8209 5.64085
-17.7924 5.6033
-17.7639 5.56573
-17.7353 5.52816
-17.7067 5.49057
-17.6781 5.45297
-17.6781 5.45297
-17.7229 5.43803
-17.7677 5.42308
-17.8125 5.40812
-17.8572 5.39315
-17.9019 5.37816
-17.9465 5.36316
-17.9911 5.34816
-18.0357 5.33314
-18.0802 5.31811
-18.1247 5.30307
-18.1692 5.28801
-18.2136 5.27295
-18.258 5.25788
-18.3024 5.24279
-18.3467 5.2277
-18.3909 5.2126
-18.4352 5.19748
-18.4794 5.18236
-18.5236 5.16722
-18.5677 5.15208
-18.6118 5.13693
-18.6559 5.12176
-18.6999 5.10659
-18.7439 5.09141
-18.7879 5.07622
-18.8318 5.06102
-18.8757 5.04581
-18.9195 5.03059
-18.9634 5.01536
-19.0072 5.00013
-19.0509 4.98488
-19.0947 4.96963
-19.1384 4.95437
-19.182 4.9391
-19.2257 4.92382
-19.2693 4.90853
-19.3128 4.89324
-19.3564 4.87794
-19.3999 4.86263
-19.4433 4.84731
-19.4868 4.83198
-19.5302 4.81665
-19.5736 4.80131
-19.6169 4.78596
-19.6602 4.7706
-19.7035 4.75524
-19.7468 4.73987
-19.79 4.72449
-19.8332 4.7091
-19.8764 4.69371
-19.9195 4.67831
-19.9608 4.671
-19.9695 4.63354
-19.9781 4.59606
-19.9867 4.55857
-19.9952 4.52107
-20.0037 4.48355
-20.0121 4.44601
-20.0204 4.40845
-20.0286 4.37088
-20.0368 4.3333
-20.0449 4.2957
-20.0529 4.25808
-20.0609 4.22045
-20.0687 4.18281
-20.0765 4.14515
-20.0843 4.10747
-20.092 4.06979
-20.0996 4.03208
-20.1071 3.99436
-20.1145 3.95663
-20.1219 3.91889
-20.1293 3.88113
-20.1365 3.84336
-20.1437 3.80557
-20.1508 3.76777
-20.1578 3.72996
-20.1648 3.69213
-20.1717 3.65429
-20.1785 3.61644
-20.1852 3.57858
-20.1919 3.5407
-20.1985 3.50281
-20.2051 3.46491
-20.2115 3.42699
-20.2179 3.38907
-20.2242 3.35113
-20.2305 3.31318
-20.2367 3.27522
-20.2428 3.23724
-20.2488 3.19926
-20.2548 3.16126
-20.2607 3.12326
-20.2812 2.98744
-20.2867 2.94939
-20.2922 2.91132
-20.2976 2.87324
-20.303 2.83516
-20.3083 2.79706
-20.3135 2.75895
-20.3186 2.72084
-20.3237 2.68271
-20.3287 2.64458
-20.3336 2.60643
-20.3385 2.56828
-20.3433 2.53011
-20.348 2.49194
-20.3526 2.45376
-20.3572 2.41557
-20.3617 2.37737
-20.3661 2.33917
-20.3705 2.30095
-20.3747 2.26273
-20.3789 2.2245
-20.3831 2.18626
-20.3872 2.14802
-20.3911 2.10976
-20.3951 2.0715
-20.3989 2.03323
-20.4027 1.99496
-20.4064 1.95668
-20.41 1.91839
-20.4136 1.88009
-20.4171 1.84179
-20.4205 1.80348
-20.4239 1.76516
-20.4271 1.72684
-20.4303 1.68851
-20.4335 1.65018
-20.4365 1.61184
-20.4395 1.57349
-20.4424 1.53514
-20.4453 1.49679
-20.4481 1.45843
-20.4508 1.42006
-20.4135 1.40092
-20.3768 1.37349
-20.3401 1.34606
-20.3034 1.31862
-20.2666 1.29118
-20.2298 1.26374
-20.193 1.2363
-20.1561 1.20886
-20.1192 1.18142
-20.0823 1.15397
-20.0453 1.12652
-20.0083 1.09907
-19.9713 1.07162
-19.9342 1.04416
-19.8971 1.01671
-19.86 0.989251
-19.8228 0.961792
-19.7856 0.934331
-19.7484 0.906869
-19.7112 0.879406
-19.6739 0.851941
-19.6365 0.824474
-19.5992 0.797006
-19.5618 0.769537
-19.5244 0.742066
-19.4869 0.714594
-19.4494 0.687121
-19.4119 0.659646
-19.3743 0.63217
-19.3367 0.604693
-19.2991 0.577215
-19.2614 0.549736
-19.2237 0.522256
-19.1859 0.494775
-19.1481 0.467293
-19.1103 0.43981
-19.0725 0.412326
-19.0346 0.384841
-18.9966 0.357356
-18.9587 0.32987
-18.9207 0.302383
-18.8826 0.274896
-18.8445 0.247408
-18.8064 0.219919
-18.7682 0.19243
-18.73 0.164941
-18.6918 0.137451
-18.6535 0.109961
-18.6152 0.0824713
-18.5768 0.054981
-18.5384 0.0274905
-18.5 -2.66454e-15
-18.5 7.19573e-15
-18.5384 -0.0274905
-18.5768 -0.054981
-18.6152 -0.0824713
-18.6535 -0.109961
-18.6918 -0.137451
-18.73 -0.164941
-18.7682 -0.19243
-18.8064 -0.219919
-18.8445 -0.247408
-18.8826 -0.274896
-18.9207 -0.302383
-18.9587 -0.32987
-18.9966 -0.357356
-19.0346 -0.384841
-19.0725 -0.412326
-19.1103 -0.43981
-19.1481 -0.467293
-19.1859 -0.494775
-19.2237 -0.522256
-19.2614 -0.549736
-19.2991 -0.577215
-19.3367 -0.604693
-19.3743 -0.63217
-19.4119 -0.659646
-19.4494 -0.687121
-19.4869 -0.714594
-19.5244 -0.742066
-19.5618 -0.769537
-19.5992 -0.797006
-19.6365 -0.824474
-19.6739 -0.851941
-19.7112 -0.879406
-19.7484 -0.906869
-19.7856 -0.934331
-19.8228 -0.961792
-19.86 -0.989251
-19.8971 -1.01671
-19.9342 -1.04416
-19.9713 -1.07162
-20.0083 -1.09907
-20.0453 -1.12652
-20.0823 -1.15397
-20.1192 -1.18142
-20.1561 -1.20886
-20.193 -1.2363
-20.2298 -1.26374
-20.2666 -1.29118
-20.3034 -1.31862
-20.3401 -1.34606
-20.3768 -1.37349
-20.4135 -1.40092
-20.4508 -1.42006
-20.4481 -1.45843
-20.4453 -1.49679
-20.4424 -1.53514
-20.4395 -1.57349
-20.4365 -1.61184
-20.4335 -1.65018
-20.4303 -1.68851
-20.4271 -1.72684
-20.4239 -1.76516
-20.4205 -1.80348
-20.4171 -1.84179
-20.4136 -1.88009
-20.41 -1.91839
-20.4064 -1.95668
-20.4027 -1.99496
-20.3989 -2.03323
-20.3951 -2.0715
-20.3911 -2.10976
-20.3872 -2.14802
-20.3831 -2.18626
-20.3789 -2.2245
-20.3747 -2.26273
-20.3705 -2.30095
-20.3661 -2.33917
-20.3617 -2.37737
-20.3572 -2.41557
-20.3526 -2.45376
-20.348 -2.49194
-20.3433 -2.53011
-20.3385 -2.56828
-20.3336 -2.60643
-20.3287 -2.64458
-20.3237 -2.68271
-20.3186 -2.72084
-20.3135 -2.75895
-20.3083 -2.79706
-20.303 -2.83516
-20.2976 -2.87324
-20.2922 -2.91132
-20.2867 -2.94939
-20.2812 -2.98744
-20.2607 -3.12326
-20.2548 -3.16126
-20.2488 -3.19926
-20.2428 -3.23724
-20.2367 -3.27522
-20.2305 -3.31318
-20.2242 -3.35113
-20.2179 -3.38907
-20.2115 -3.42699
-20.2051 -3.46491
-20.1985 -3.50281
-20.1919 -3.5407
-20.1852 -3.57858
-20.1785 -3.61644
-20.1717 -3.65429
-20.1648 -3.69213
-20.1578 -3.72996
-20.1508 -3.76777
-20.1437 -3.80557
-20.1365 -3.84336
-20.1293 -3.88113
-20.1219 -3.91889
-20.1145 -3.95663
-20.1071 -3.99436
-20.0996 -4.03208
-20.092 -4.06979
-20.0843 -4.10747
-20.0765 -4.14515
-20.0687 -4.18281
-20.0609 -4.22045
-20.0529 -4.25808
-20.0449 -4.2957
-20.0368 -4.3333
-20.0286 -4.37088
-20.0204 -4.40845
-20.0121 -4.44601
-20.0037 -4.48355
-19.9952 -4.52107
-19.9867 -4.55857
-19.9781 -4.59606
-19.9695 -4.63354
-19.9608 -4.671
-19.9195 -4.67831
-19.8764 -4.69371
-19.8332 -4.7091
-19.79 -4.72449
-19.7468 -4.73987
-19.7035 -4.75524
-19.6602 -4.7706
-19.6169 -4.78596
-19.5736 -4.80131
-19.5302 -4.81665
-19.4868 -4.83198
-19.4433 -4.84731
-19.3999 -4.86263
-19.3564 -4.87794
-19.3128 -4.89324
-19.2693 -4.90853
-19.2257 -4.92382
-19.182 -4.9391
-19.1384 -4.95437
-19.0947 -4.96963
-19.0509 -4.98488
-19.0072 -5.00013
-18.9634 -5.01536
-18.9195 -5.03059
-18.8757 -5.04581
-18.8318 -5.06102
-18.7879 -5.07622
-18.7439 -5.09141
-18.6999 -5.10659
-18.6559 -5.12176
-18.6118 -5.13693
-18.5677 -5.15208
-18.5236 -5.16722
-18.4794 -5.18236
-18.4352 -5.19748
-18.3909 -5.2126
-18.3467 -5.2277
-18.3024 -5.24279
-18.258 -5.25788
-18.2136 -5.27295
-18.1692 -5.28801
-18.1247 -5.30307
-18.0802 -5.31811
-18.0357 -5.33314
-17.9911 -5.34816
-17.9465 -5.36316
-17.9019 -5.37816
-17.8572 -5.39315
-17.8125 -5.40812
-17.7677 -5.42308
-17.7229 -5.43803
-17.6781 -5.45297
-17.6781 -5.45297
-17.7067 -5.49057
-17.7353 -5.52816
-17.7639 -5.56573
-17.7924 -5.6033
-17.8209 -5.64085
-17.8493 -5.67839
-17.8777 -5.71592
-17.9061 -5.75343
-17.9344 -5.79094
-17.9627 -5.82843
-17.9909 -5.86591
-18.0192 -5.90338
-18.0473 -5.94084
-18.0755 -5.97828
-18.1036 -6.01572
-18.1317 -6.05314
-18.1597 -6.09055
-18.1877 -6.12795
-18.2157 -6.16533
-18.2436 -6.20271
-18.2715 -6.24007
-18.2994 -6.27742
-18.3272 -6.31476
-18.355 -6.35209
-18.3828 -6.38941
-18.4105 -6.42671
-18.4382 -6.46401
-18.4659 -6.50129
-18.4935 -6.53856
-18.5211 -6.57582
-18.5487 -6.61307
-18.5762 -6.6503
-18.6037 -6.68753
-18.6312 -6.72474
-18.6587 -6.76195
-18.6861 -6.79914
-18.7135 -6.83632
-18.7408 -6.87349
-18.7681 -6.91064
-18.7954 -6.94779
-18.8227 -6.98493
-18.8499 -7.02205
-18.8771 -7.05916
-18.9043 -7.09627
-18.9314 -7.13336
-18.9585 -7.17044
-18.9856 -7.20751
-19.0127 -7.24456
-19.0397 -7.28161
-19.0667 -7.31865
-19.0937 -7.35567
-19.1236 -7.38494
-19.1097 -7.4208
-19.0958 -7.45664
-19.0817 -7.49246
-19.0677 -7.52824
-19.0535 -7.564
-19.0393 -7.59974
-19.025 -7.63545
-19.0106 -7.67113
-18.9962 -7.70678
-18.9817 -7.74241
-18.9671 -7.77801
-18.9525 -7.81358
-18.9378 -7.84912
-18.9231 -7.88464
-18.9082 -7.92013
-18.8933 -7.95559
-18.8784 -7.99102
-18.8634 -8.02643
-18.8483 -8.0618
-18.8331 -8.09715
-18.8179 -8.13247
-18.8026 -8.16776
-18.7872 -8.20303
-18.7718 -8.23826
-18.7563 -8.27346
-18.7408 -8.30864
-18.7251 -8.34379
-18.7095 -8.3789
-18.6937 -8.41399
-18.6779 -8.44905
-18.662 -8.48408
-18.6461 -8.51908
-18.63 -8.55404
-18.614 -8.58898
-18.5978 -8.62389
-18.5816 -8.65877
-18.5653 -8.69361
-18.549 -8.72843
-18.5326 -8.76322
-18.5161 -8.79797
-18.4996 -8.83269
-18.44 -8.95644
-18.4231 -8.99102
-18.4062 -9.02557
-18.3893 -9.06009
-18.3722 -9.09457
-18.3551 -9.12903
-18.338 -9.16345
-18.3207 -9.19784
-18.3035 -9.23219
-18.2861 -9.26652
-18.2687 -9.30081
-18.2512 -9.33507
-18.2337 -9.36929
-18.216 -9.40349
-18.1984 -9.43765
-18.1806 -9.47177
-18.1628 -9.50587
-18.145 -9.53993
-18.127 -9.57395
-18.109 -9.60794
-18.091 -9.6419
-18.0729 -9.67583
-18.0547 -9.70972
-18.0364 -9.74358
-18.0181 -9.7774
-17.9997 -9.81119
-17.9813 -9.84494
-17.9628 -9.87866
-17.9442 -9.91234
-17.9256 -9.94599
-17.9069 -9.9796
-17.8882 -10.0132
-17.8693 -10.0467
-17.8505 -10.0802
-17.8315 -10.1137
-17.8125 -10.1471
-17.7934 -10.1805
-17.7743 -10.2139
-17.7551 -10.2472
-17.7359 -10.2805
-17.7165 -10.3138
-17.6972 -10.347
-17.6556 -10.3419
-17.6098 -10.3439
-17.5641 -10.3458
-17.5182 -10.3478
-17.4724 -10.3498
-17.4265 -10.3517
-17.3806 -10.3536
-17.3347 -10.3555
-17.2888 -10.3574
-17.2428 -10.3593
-17.1968 -10.3611
-17.1508 -10.363
-17.1047 -10.3648
-17.0586 -10.3666
-17.0125 -10.3684
-16.9664 -10.3702
-16.9202 -10.3719
-16.874 -10.3737
-16.8278 -10.3754
-16.7815 -10.3771
-16.7352 -10.3788
-16.6889 -10.3804
-16.6426 -10.3821
-16.5962 -10.3837
-16.5498 -10.3853
-16.5034 -10.3869
-16.4569 -10.3885
-16.4104 -10.3901
-16.3639 -10.3916
-16.3174 -10.3931
-16.2708 -10.3946
-16.2242 -10.3961
-16.1775 -10.3976
-16.1309 -10.399
-16.0842 -10.4004
-16.0374 -10.4018
-15.9907 -10.4032
-15.9439 -10.4046
-15.8971 -10.4059
-15.8502 -10.4072
-15.8033 -10.4085
-15.7564 -10.4098
-15.7095 -10.4111
-15.6625 -10.4123
-15.6155 -10.4135
-15.5684 -10.4147
-15.5213 -10.4159
-15.4742 -10.417
-15.4271 -10.4182
-15.3799 -10.4193
-15.3327 -10.4204
-15.2854 -10.4214
-15.2854 -10.4214
-15.3017 -10.4658
-15.3179 -10.5101
-15.3341 -10.5545
-15.3503 -10.5988
-15.3665 -10.643
-15.3826 -10.6873
-15.3987 -10.7315
-15.4147 -10.7757
-15.4307 -10.8199
-15.4467 -10.8641
-15.4626 -10.9082
-15.4786 -10.9523
-15.4945 -10.9964
-15.5103 -11.0405
-15.5261 -11.0846
-15.5419 -11.1286
-15.5577 -11.1726
-15.5734 -11.2166
-15.5891 -11.2606
-15.6048 -11.3045
-15.6205 -11.3485
-15.6361 -11.3924
-15.6517 -11.4363
-15.6672 -11.4801
-15.6828 -11.524
-15.6983 -11.5678
-15.7138 -11.6116
-15.7292 -11.6554
-15.7446 -11.6991
-15.76 -11.7429
-15.7754 -11.7866
-15.7907 -11.8303
-15.8061 -11.874
-15.8213 -11.9176
-15.8366 -11.9613
-15.8518 -12.0049
-15.867 -12.0485
-15.8822 -12.0921
-15.8974 -12.1356
-15.9125 -12.1792
-15.9276 -12.2227
-15.9427 -12.2662
-15.9577 -12.3097
-15.9728 -12.3531
-15.9878 -12.3966
-16.0027 -12.44
-16.0177 -12.4834
-16.0326 -12.5268
-16.0475 -12.5702
-16.0624 -12.6135
-16.0773 -12.6568
-16.0973 -12.6936
-16.0734 -12.7238
-16.0495 -12.7539
-16.0256 -12.784
-16.0015 -12.8141
-15.9775 -12.8441
-15.9534 -12.874
-15.9292 -12.9039
-15.9049 -12.9338
-15.8806 -12.9636
-15.8563 -12.9934
-15.8319 -13.0231
-15.8074 -13.0528
-15.7829 -13.0824
-15.7583 -13.112
-15.7337 -13.1416
-15.709 -13.1711
-15.6843 -13.2005
-15.6595 -13.2299
-15.6346 -13.2593
-15.6097 -13.2886
-15.5848 -13.3178
-15.5598 -13.3471
-15.5347 -13.3762
-15.5096 -13.4053
-15.4844 -13.4344
-15.4592 -13.4635
-15.4339 -13.4924
-15.4085 -13.5214
-15.3831 -13.5502
-15.3577 -13.5791
-15.3322 -13.6079
-15.3066 -13.6366
-15.281 -13.6653
-15.2553 -13.694
-15.2296 -13.7226
-15.2039 -13.7511
-15.178 -13.7796
-15.1521 -13.8081
-15.1262 -13.8365
-15.1002 -13.8648
-15.0742 -13.8931
-14.9808 -13.9938
-14.9545 -14.0219
-14.9282 -14.0499
-14.9018 -14.0779
-14.8753 -14.1058
-14.8488 -14.1337
-14.8223 -14.1616
-14.7957 -14.1893
-14.7691 -14.2171
-14.7424 -14.2448
-14.7156 -14.2724
-14.6888 -14.3
-14.6619 -14.3275
-14.635 -14.355
-14.6081 -14.3824
-14.5811 -14.4098
-14.554 -14.4371
-14.5269 -14.4644
-14.4997 -14.4916
-14.4725 -14.5188
-14.4453 -14.546
-14.4179 -14.573
-14.3906 -14.6001
-14.3632 -14.627
-14.3357 -14.6539
-14.3082 -14.6808
-14.2806 -14.7076
-14.253 -14.7344
-14.2253 -14.7611
-14.1976 -14.7878
-14.1698 -14.8144
-14.142 -14.841
-14.1141 -14.8675
-14.0862 -14.8939
-14.0582 -14.9203
-14.0302 -14.9467
-14.0022 -14.973
-13.974 -14.9992
-13.9459 -15.0254
-13.9177 -15.0515
-13.8894 -15.0776
-13.8611 -15.1037
-13.8229 -15.0865
-13.7786 -15.0749
-13.7342 -15.0633
-13.6899 -15.0517
-13.6455 -15.04
-13.6011 -15.0284
-13.5567 -15.0167
-13.5122 -15.005
-13.4678 -14.9932
-13.4233 -14.9815
-13.3788 -14.9697
-13.3343 -14.9579
-13.2897 -14.946
-13.2451 -14.9342
-13.2005 -14.9223
-13.1559 -14.9104
-13.1113 -14.8984
-13.0666 -14.8865
-13.022 -14.8745
-12.9773 -14.8625
-12.9325 -14.8505
-12.8878 -14.8384
-12.843 -14.8263
-12.7982 -14.8142
-12.7534 -14.8021
-12.7086 -14.7899
-12.6637 -14.7777
-12.6188 -14.7655
-12.5739 -14.7533
-12.529 -14.741
-12.4841 -14.7287
-12.4391 -14.7164
-12.3941 -14.7041
-12.3491 -14.6917
-12.304 -14.6793
-12.2589 -14.6668
-12.2139 -14.6544
-12.1687 -14.6419
-12.1236 -14.6294
-12.0784 -14.6168
-12.0333 -14.6042
-11.988 -14.5916
-11.9428 -14.579
-11.8975 -14.5663
-11.8523 -14.5536
-11.8069 -14.5409
-11.7616 -14.5281
-11.7163 -14.5154
-11.6709 -14.5025
-11.6255 -14.4897
-11.58 -14.4768
-11.5346 -14.4639
-11.5346 -14.4639
-11.537 -14.5111
-11.5395 -14.5582
-11.5419 -14.6054
-11.5443 -14.6525
-11.5467 -14.6995
-11.549 -14.7466
-11.5514 -14.7936
-11.5537 -14.8406
-11.5559 -14.8875
-11.5582 -14.9344
-11.5604 -14.9813
-11.5626 -15.0282
-11.5648 -15.075
-11.567 -15.1218
-11.5691 -15.1685
-11.5712 -15.2153
-11.5733 -15.262
-11.5754 -15.3087
-11.5775 -15.3553
-11.5795 -15.4019
-11.5815 -15.4485
-11.5835 -15.4951
-11.5854 -15.5416
-11.5874 -15.5881
-11.5893 -15.6346
-11.5912 -15.681
-11.5931 -15.7274
-11.5949 -15.7738
-11.5968 -15.8202
-11.5986 -15.8665
-11.6004 -15.9128
-11.6022 -15.9591
-11.6039 -16.0054
-11.6057 -16.0516
-11.6074 -16.0978
-11.6091 -16.144
-11.6108 -16.1901
-11.6124 -16.2362
-11.6141 -16.2823
-11.6157 -16.3284
-11.6173 -16.3744
-11.6189 -16.4204
-11.6204 -16.4664
-11.622 -16.5124
-11.6235 -16.5583
-11.625 -16.6042
-11.6265 -16.6501
-11.628 -16.696
-11.6295 -16.7418
-11.6309 -16.7876
-11.6323 -16.8334
-11.6406 -16.8744
-11.6089 -16.8962
-11.5772 -16.918
-11.5454 -16.9397
-11.5136 -16.9613
-11.4818 -16.9829
-11.4499 -17.0044
-11.418 -17.0259
-11.386 -17.0472
-11.354 -17.0686
-11.322 -17.0899
-11.2899 -17.1111
-11.2578 -17.1322
-11.2256 -17.1533
-11.1934 -17.1743
-11.1612 -17.1953
-11.1289 -17.2162
-11.0966 -17.2371
-11.0642 -17.2579
-11.0318 -17.2786
-10.9994 -17.2993
-10.9669 -17.3199
-10.9344 -17.3404
-10.9018 -17.3609
-10.8692 -17.3813
-10.8366 -17.4017
-10.8039 -17.422
-10.7712 -17.4422
-10.7385 -17.4624
-10.7057 -17.4825
-10.6729 -17.5026
-10.64 -17.5226
-10.6071 -17.5425
-10.5742 -17.5624
-10.5412 -17.5822
-10.5082 -17.6019
-10.4752 -17.6216
-10.4421 -17.6412
-10.409 -17.6608
-10.3758 -17.6803
-10.3426 -17.6997
-10.3094 -17.7191
-10.1905 -17.7878
-10.1571 -17.8068
-10.1237 -17.8259
-10.0902 -17.8448
-10.0567 -17.8637
-10.0232 -17.8826
-9.98959 -17.9013
-9.95599 -17.9201
-9.92235 -17.9387
-9.88868 -17.9573
-9.85497 -17.9758
-9.82122 -17.9943
-9.78745 -18.0127
-9.75363 -18.031
-9.71979 -18.0493
-9.68591 -18.0675
-9.65199 -18.0856
-9.61804 -18.1037
-9.58406 -18.1217
-9.55005 -18.1396
-9.516 -18.1575
-9.48191 -18.1754
-9.4478 -18.1931
-9.41365 -18.2108
-9.37946 -18.2284
-9.34525 -18.246
-9.311 -18.2635
-9.27671 -18.2809
-9.2424 -18.2983
-9.20805 -18.3156
-9.17367 -18.3329
-9.13926 -18.35
-9.10482 -18.3672
-9.07034 -18.3842
-9.03583 -18.4012
-9.00129 -18.4181
-8.96672 -18.435
-8.93212 -18.4518
-8.89749 -18.4685
-8.86282 -18.4851
-8.82812 -18.5017
-8.7934 -18.5183
-8.76198 -18.4906
-8.72304 -18.4665
-8.68409 -18.4423
-8.64513 -18.4181
-8.60615 -18.3939
-8.56716 -18.3697
-8.52816 -18.3454
-8.48914 -18.3211
-8.45011 -18.2968
-8.41107 -18.2725
-8.37202 -18.2481
-8.33295 -18.2237
-8.29386 -18.1992
-8.25477 -18.1748
-8.21566 -18.1503
-8.17654 -18.1257
-8.1374 -18.1012
-8.09825 -18.0766
-8.05909 -18.052
-8.01991 -18.0273
-7.98072 -18.0026
-7.94152 -17.9779
-7.9023 -17.9532
-7.86307 -17.9284
-7.82382 -17.9036
-7.78456 -17.8788
-7.74529 -17.8539
-7.706 -17.829
-7.6667 -17.8041
-7.62738 -17.7791
-7.58805 -17.7541
-7.54871 -17.7291
-7.50935 -17.704
-7.46998 -17.6789
-7.43059 -17.6538
-7.39119 -17.6286
-7.35178 -17.6034
-7.31235 -17.5782
-7.2729 -17.5529
-7.23345 -17.5276
-7.19397 -17.5023
-7.15449 -17.4769
-7.11499 -17.4515
-7.07547 -17.426
-7.03594 -17.4006
-6.99639 -17.375
-6.95683 -17.3495
-6.91726 -17.3239
-6.87767 -17.2983
-6.83806 -17.2726
-6.79844 -17.2469
-6.75881 -17.2212
-6.75881 -17.2212
-6.74726 -17.267
-6.7357 -17.3128
-6.72413 -17.3585
-6.71254 -17.4042
-6.70093 -17.4499
-6.68931 -17.4956
-6.67768 -17.5412
-6.66603 -17.5867
-6.65437 -17.6323
-6.6427 -17.6778
-6.63101 -17.7232
-6.61931 -17.7686
-6.6076 -17.814
-6.59587 -17.8594
-6.58413 -17.9047
-6.57238 -17.95
-6.56061 -17.9952
-6.54883 -18.0404
-6.53704 -18.0856
-6.52524 -18.1308
-6.51342 -18.1759
-6.5016 -18.2209
-6.48976 -18.266
-6.47791 -18.311
-6.46604 -18.356
-6.45417 -18.4009
-6.44228 -18.4458
-6.43038 -18.4907
-6.41847 -18.5355
-6.40655 -18.5804
-6.39462 -18.6251
-6.38268 -18.6699
-6.37073 -18.7146
-6.35876 -18.7593
-6.34679 -18.8039
-6.3348 -18.8486
-6.32281 -18.8931
-6.3108 -18.9377
-6.29878 -18.9822
-6.28676 -19.0267
-6.27472 -19.0712
-6.26267 -19.1156
-6.25062 -19.16
-6.23855 -19.2044
-6.22647 -19.2488
-6.21439 -19.2931
-6.20229 -19.3374
-6.19019 -19.3816
-6.17807 -19.4259
-6.16595 -19.4701
-6.15382 -19.5142
-6.14961 -19.5559
-6.1129 -19.5674
-6.07618 -19.5788
-6.03944 -19.5902
-6.00267 -19.6015
-5.96589 -19.6127
-5.92908 -19.6239
-5.89225 -19.635
-5.8554 -19.646
-5.81853 -19.6569
-5.78164 -19.6678
-5.74473 -19.6786
-5.7078 -19.6894
-5.67085 -19.7
-5.63388 -19.7106
-5.59689 -19.7212
-5.55988 -19.7316
-5.52285 -19.742
-5.4858 -19.7524
-5.44873 -19.7626
-5.41164 -19.7728
-5.37454 -19.7829
-5.33741 -19.793
-5.30027 -19.803
-5.2631 -19.8129
-5.22592 -19.8227
-5.18872 -19.8325
-5.1515 -19.8422
-5.11427 -19.8518
-5.07701 -19.8614
-5.03974 -19.8709
-5.00245 -19.8803
-4.96514 -19.8896
-4.92782 -19.8989
-4.89048 -19.9081
-4.85312 -19.9173
-4.81574 -19.9263
-4.77835 -19.9353
-4.74094 -19.9443
-4.70351 -19.9531
-4.66606 -19.9619
-4.6286 -19.9706
-4.4947 -20.0012
-4.45717 -20.0096
-4.41962 -20.0179
-4.38205 -20.0262
-4.34447 -20.0344
-4.30688 -20.0425
-4.26927 -20.0505
-4.23164 -20.0585
-4.194 -20.0664
-4.15635 -20.0742
-4.11868 -20.082
-4.08099 -20.0897
-4.04329 -20.0973
-4.00558 -20.1049
-3.96785 -20.1123
-3.93011 -20.1197
-3.89236 -20.1271
-3.85459 -20.1344
-3.81681 -20.1415
-3.77901 -20.1487
-3.7412 -20.1557
-3.70338 -20.1627
-3.66554 -20.1696
-3.6277 -20.1765
-3.58983 -20.1832
-3.55196 -20.1899
-3.51407 -20.1966
-3.47618 -20.2031
-3.43827 -20.2096
-3.40034 -20.216
-3.36241 -20.2224
-3.32446 -20.2286
-3.2865 -20.2348
-3.24853 -20.241
-3.21055 -20.247
-3.17256 -20.253
-3.13456 -20.2589
-3.09654 -20.2648
-3.05852 -20.2706
-3.02048 -20.2763
-2.98243 -20.2819
-2.94437 -20.2875
-2.92251 -20.2518
-2.89241 -20.2172
-2.86231 -20.1827
-2.83221 -20.1481
-2.8021 -20.1134
-2.77199 -20.0788
-2.74187 -20.0441
-2.71175 -20.0094
-2.68162 -19.9746
-2.65149 -19.9399
-2.62136 -19.9051
-2.59122 -19.8702
-2.56108 -19.8353
-2.53093 -19.8004
-2.50078 -19.7655
-2.47062 -19.7305
-2.44046 -19.6955
-2.4103 -19.6605
-2.38013 -19.6254
-2.34996 -19.5903
-2.31979 -19.5552
-2.28961 -19.52
-2.25943 -19.4848
-2.22924 -19.4496
-2.19905 -19.4143
-2.16885 -19.379
-2.13866 -19.3437
-2.10845 -19.3083
-2.07825 -19.2729
-2.04804 -19.2374
-2.01782 -19.202
-1.9876 -19.1664
-1.95738 -19.1309
-1.92716 -19.0953
-1.89693 -19.0597
-1.8667 -19.024
-1.83646 -18.9883
-1.80622 -18.9526
-1.77598 -18.9168
-1.74573 -18.881
-1.71548 -18.8452
-1.68523 -18.8093
-1.65497 -18.7733
-1.62471 -18.7374
-1.59444 -18.7014
-1.56418 -18.6653
-1.53391 -18.6293
-1.50363 -18.5931
-1.47336 -18.557
-1.44308 -18.5208
-1.41279 -18.4845
-1.38251 -18.4483
-1.38251 -18.4483
-1.35797 -18.4887
-1.33342 -18.529
-1.30888 -18.5693
-1.28433 -18.6096
-1.25977 -18.6498
-1.23522 -18.69
-1.21066 -18.7301
-1.1861 -18.7703
-1.16154 -18.8103
-1.13697 -18.8504
-1.11241 -18.8904
-1.08784 -18.9303
-1.06326 -18.9702
-1.03869 -19.0101
-1.01411 -19.0499
-0.989536 -19.0898
-0.964957 -19.1295
-0.940375 -19.1693
-0.915792 -19.209
-0.891206 -19.2486
-0.86662 -19.2882
-0.842031 -19.3278
-0.817441 -19.3674
-0.79285 -19.4069
-0.768257 -19.4464
-0.743662 -19.4858
-0.719067 -19.5252
-0.69447 -19.5646
-0.669872 -19.6039
-0.645272 -19.6433
-0.620672 -19.6825
-0.59607 -19.7218
-0.571468 -19.761
-0.546864 -19.8001
-0.52226 -19.8393
-0.497655 -19.8784
-0.473048 -19.9175
-0.448442 -19.9565
-0.423834 -19.9955
-0.399226 -20.0345
-0.374617 -20.0734
-0.350007 -20.1123
-0.325397 -20.1512
-0.300786 -20.1901
-0.276175 -20.2289
-0.251564 -20.2677
-0.226952 -20.3064
-0.20234 -20.3451
-0.177727 -20.3838
-0.153114 -20.4225
-0.128501 -20.4611
-0.112199 -20.4997
-0.073738 -20.4999
-0.0352766 -20.5
0.00318488 -20.5
0.0416464 -20.5
0.0801078 -20.4998
0.118569 -20.4997
0.157029 -20.4994
0.19549 -20.4991
0.233949 -20.4987
0.272408 -20.4982
0.310865 -20.4976
0.349322 -20.497
0.387777 -20.4963
0.426231 -20.4956
0.464684 -20.4947
0.503134 -20.4938
0.541583 -20.4928
0.580031 -20.4918
0.618476 -20.4907
0.656919 -20.4895
0.695359 -20.4882
0.733797 -20.4869
0.772233 -20.4854
0.810666 -20.484
0.849096 -20.4824
0.887523 -20.4808
0.925947 -20.4791
0.964367 -20.4773
1.00278 -20.4755
1.0412 -20.4735
1.07961 -20.4716
1.11801 -20.4695
1.15642 -20.4674
1.19482 -20.4652
1.23321 -20.4629
1.2716 -20.4605
1.30998 -20.4581
1.34836 -20.4556
1.38674 -20.453
1.42511 -20.4504
1.46348 -20.4477
1.60044 -20.4374
1.63878 -20.4344
1.67712 -20.4313
1.71545 -20.4281
1.75377 -20.4248
1.79209 -20.4215
1.8304 -20.4181
1.8687 -20.4147
1.907 -20.4111
1.94529 -20.4075
1.98358 -20.4038
2.02185 -20.4001
2.06012 -20.3962
2.09839 -20.3923
2.13664 -20.3883
2.17489 -20.3843
2.21313 -20.3802
2.25137 -20.376
2.28959 -20.3717
2.32781 -20.3674
2.36602 -20.363
2.40422 -20.3585
2.44241 -20.354
2.48059 -20.3494
2.51877 -20.3447
2.55693 -20.3399
2.59509 -20.3351
2.63324 -20.3302
2.67137 -20.3252
2.7095 -20.3202
2.74762 -20.315
2.78573 -20.3098
2.82383 -20.3046
2.86192 -20.2992
2.9 -20.2938
2.93807 -20.2884
2.97613 -20.2828
3.01418 -20.2772
3.05222 -20.2715
3.09024 -20.2657
3.12826 -20.2599
3.16627 -20.254
3.17664 -20.2134
3.19522 -20.1716
3.2138 -20.1297
3.23237 -20.0878
3.25093 -20.0458
3.26949 -20.0038
3.28805 -19.9618
3.3066 -19.9197
3.32515 -19.8776
3.34369 -19.8355
3.36222 -19.7934
3.38075 -19.7512
3.39928 -19.709
3.41779 -19.6668
3.43631 -19.6245
3.45482 -19.5822
3.47332 -19.5399
3.49181 -19.4975
3.5103 -19.4551
3.52879 -19.4126
3.54727 -19.3702
3.56574 -19.3277
3.58421 -19.2851
3.60267 -19.2426
3.62112 -19.2
3.63957 -19.1573
3.65801 -19.1147
3.67644 -19.072
3.69487 -19.0292
3.71329 -18.9864
3.7317 -18.9436
3.75011 -18.9008
3.76851 -18.8579
3.7869 -18.815
3.80529 -18.772
3.82366 -18.7291
3.84204 -18.686
3.8604 -18.643
3.87875 -18.5999
3.8971 -18.5567
3.91544 -18.5136
3.93377 -18.4704
3.9521 -18.4271
3.97041 -18.3838
3.98872 -18.3405
4.00702 -18.2971
4.02531 -18.2537
4.04359 -18.2103
4.06187 -18.1668
4.08013 -18.1233
4.09839 -18.0798
4.11664 -18.0362
4.11664 -18.0362
4.15199 -18.0675
4.18734 -18.0988
4.22268 -18.1301
4.258 -18.1614
4.29332 -18.1926
4.32863 -18.2237
4.36393 -18.2549
4.39922 -18.286
4.43451 -18.317
4.46978 -18.348
4.50504 -18.379
4.5403 -18.4099
4.57555 -18.4408
4.61078 -18.4717
4.64601 -18.5025
4.68123 -18.5333
4.71644 -18.5641
4.75164 -18.5948
4.78683 -18.6255
4.82201 -18.6561
4.85719 -18.6868
4.89235 -18.7173
4.92751 -18.7479
4.96266 -18.7784
4.99779 -18.8089
5.03292 -18.8393
5.06804 -18.8697
5.10315 -18.9001
5.13825 -18.9304
5.17335 -18.9608
5.20843 -18.991
5.2435 -19.0213
5.27857 -19.0515
5.31363 -19.0817
5.34867 -19.1118
5.38371 -19.1419
5.41874 -19.172
5.45376 -19.2021
5.48878 -19.2321
5.52378 -19.2621
5.55877 -19.292
5.59376 -19.322
5.62874 -19.3519
5.6637 -19.3817
5.69866 -19.4116
5.73361 -19.4414
5.76855 -19.4712
5.80349 -19.5009
5.83841 -19.5306
5.87333 -19.5603
5.90823 -19.59
5.93518 -19.622
5.97198 -19.6109
6.00876 -19.5996
6.04552 -19.5883
6.08226 -19.5769
6.11898 -19.5655
6.15568 -19.554
6.19236 -19.5424
6.22901 -19.5307
6.26564 -19.519
6.30225 -19.5072
6.33884 -19.4954
6.37541 -19.4834
6.41195 -19.4714
6.44847 -19.4594
6.48497 -19.4472
6.52144 -19.435
6.55789 -19.4228
6.59432 -19.4104
6.63073 -19.398
6.66711 -19.3856
6.70347 -19.373
6.73981 -19.3604
6.77612 -19.3477
6.8124 -19.335
6.84867 -19.3222
6.88491 -19.3093
6.92112 -19.2963
6.95731 -19.2833
6.99348 -19.2702
7.02962 -19.2571
7.06574 -19.2438
7.10183 -19.2305
7.1379 -19.2172
7.17394 -19.2038
7.20996 -19.1903
7.24595 -19.1767
7.28192 -19.1631
7.31786 -19.1494
7.35377 -19.1356
7.38966 -19.1218
7.42552 -19.1079
7.55337 -19.0577
7.58912 -19.0435
7.62483 -19.0292
7.66052 -19.0149
7.69618 -19.0005
7.73182 -18.986
7.76743 -18.9715
7.80301 -18.9569
7.83856 -18.9422
7.87408 -18.9275
7.90958 -18.9127
7.94505 -18.8978
7.98049 -18.8828
8.0159 -18.8678
8.05129 -18.8528
8.08665 -18.8376
8.12197 -18.8224
8.15727 -18.8071
8.19255 -18.7918
8.22779 -18.7764
8.263 -18.7609
8.29819 -18.7454
8.33334 -18.7298
8.36847 -18.7141
8.40356 -18.6984
8.43863 -18.6826
8.47367 -18.6667
8.50867 -18.6508
8.54365 -18.6348
8.5786 -18.6187
8.61351 -18.6026
8.6484 -18.5864
8.68326 -18.5702
8.71808 -18.5538
8.75288 -18.5375
8.78764 -18.521
8.82237 -18.5045
8.85708 -18.4879
8.89175 -18.4712
8.92639 -18.4545
8.96099 -18.4377
8.99557 -18.4209
8.99353 -18.3791
8.99894 -18.3336
9.00434 -18.2881
9.00973 -18.2426
9.0151 -18.197
9.02046 -18.1514
9.02581 -18.1058
9.03114 -18.0601
9.03646 -18.0144
9.04176 -17.9687
9.04705 -17.923
9.05233 -17.8772
9.05759 -17.8314
9.06283 -17.7856
9.06806 -17.7398
9.07328 -17.6939
9.07848 -17.648
9.08367 -17.602
9.08884 -17.5561
9.09399 -17.5101
9.09913 -17.464
9.10426 -17.418
9.10937 -17.3719
9.11446 -17.3258
9.11953 -17.2796
9.12459 -17.2334
9.12964 -17.1872
9.13467 -17.141
9.13968 -17.0947
9.14467 -17.0484
9.14965 -17.0021
9.15461 -16.9557
9.15955 -16.9093
9.16448 -16.8629
9.16939 -16.8164
9.17428 -16.7699
9.17915 -16.7234
9.184 -16.6768
9.18884 -16.6302
9.19366 -16.5836
9.19846 -16.537
9.20324 -16.4903
9.208 -16.4435
9.21275 -16.3968
9.21747 -16.35
9.22218 -16.3032
9.22686 -16.2563
9.23153 -16.2094
9.23618 -16.1625
9.24081 -16.1155
9.24541 -16.0685
9.25 -16.0215
9.25 -16.0215
9.29303 -16.041
9.33604 -16.0605
9.37902 -16.08
9.42199 -16.0994
9.46494 -16.1188
9.50786 -16.1382
9.55077 -16.1576
9.59366 -16.1769
9.63653 -16.1961
9.67937 -16.2154
9.7222 -16.2346
9.76501 -16.2538
9.8078 -16.2729
9.85057 -16.292
9.89332 -16.3111
9.93605 -16.3301
9.97876 -16.3491
10.0215 -16.3681
10.0641 -16.3871
10.1068 -16.406
10.1494 -16.4249
10.192 -16.4437
10.2346 -16.4626
10.2772 -16.4814
10.3198 -16.5001
10.3623 -16.5189
10.4048 -16.5376
10.4473 -16.5562
10.4898 -16.5749
10.5323 -16.5935
10.5747 -16.6121
10.6172 -16.6307
10.6596 -16.6492
10.702 -16.6677
10.7444 -16.6862
10.7867 -16.7046
10.8291 -16.7231
10.8714 -16.7415
10.9137 -16.7598
10.956 -16.7782
10.9982 -16.7965
11.0405 -16.8148
11.0827 -16.833
11.1249 -16.8513
11.1671 -16.8695
11.2093 -16.8876
11.2515 -16.9058
11.2936 -16.9239
11.3358 -16.942
11.3779 -16.9601
11.42 -16.9782
11.4552 -17.0008
11.4871 -16.9793
11.5189 -16.9577
11.5507 -16.9361
11.5824 -16.9144
11.6142 -16.8926
11.6458 -16.8708
11.6775 -16.8489
11.7091 -16.827
11.7406 -16.805
11.7721 -16.7829
11.8036 -16.7608
11.835 -16.7387
11.8664 -16.7164
11.8977 -16.6941
11.929 -16.6718
11.9603 -16.6494
11.9915 -16.6269
12.0227 -16.6044
12.0538 -16.5818
12.0849 -16.5591
12.1159 -16.5364
12.147 -16.5137
12.1779 -16.4909
12.2088 -16.468
12.2397 -16.445
12.2705 -16.4221
12.3013 -16.399
12.3321 -16.3759
12.3628 -16.3527
12.3934 -16.3295
12.4241 -16.3062
12.4546 -16.2829
12.4851 -16.2595
12.5156 -16.236
12.5461 -16.2125
12.5765 -16.189
12.6068 -16.1653
12.6371 -16.1417
12.6674 -16.1179
12.6976 -16.0941
12.7278 -16.0703
12.8352 -15.9846
12.8651 -15.9605
12.895 -15.9364
12.9249 -15.9121
12.9548 -15.8879
12.9845 -15.8635
13.0143 -15.8391
13.044 -15.8147
13.0736 -15.7902
13.1032 -15.7656
13.1328 -15.741
13.1623 -15.7164
13.1918 -15.6916
13.2212 -15.6669
13.2505 -15.642
13.2799 -15.6171
13.3091 -15.5922
13.3384 -15.5672
13.3676 -15.5421
13.3967 -15.517
13.4258 -15.4919
13.4548 -15.4667
13.4838 -15.4414
13.5128 -15.4161
13.5417 -15.3907
13.5705 -15.3653
13.5993 -15.3398
13.6281 -15.3142
13.6568 -15.2886
13.6854 -15.263
13.7141 -15.2373
13.7426 -15.2115
13.7711 -15.1857
13.7996 -15.1598
13.828 -15.1339
13.8564 -15.108
13.8847 -15.0819
13.913 -15.0559
13.9412 -15.0297
13.9694 -15.0035
13.9975 -14.9773
14.0256 -14.951
14.0113 -14.9117
14.0031 -14.8666
13.9948 -14.8215
13.9865 -14.7764
13.9782 -14.7313
13.9699 -14.6861
13.9616 -14.641
13.9532 -14.5958
13.9448 -14.5506
13.9364 -14.5053
13.928 -14.4601
13.9196 -14.4148
13.9111 -14.3695
13.9026 -14.3241
13.8941 -14.2788
13.8855 -14.2334
13.877 -14.188
13.8684 -14.1426
13.8598 -14.0971
13.8512 -14.0516
13.8425 -14.0061
13.8338 -13.9606
13.8251 -13.9151
13.8164 -13.8695
13.8076 -13.8239
13.7989 -13.7783
13.7901 -13.7326
13.7812 -13.687
13.7724 -13.6413
13.7635 -13.5956
13.7546 -13.5498
13.7457 -13.5041
13.7367 -13.4583
13.7277 -13.4124
13.7187 -13.3666
13.7097 -13.3207
13.7007 -13.2748
13.6916 -13.2289
13.6825 -13.183
13.6733 -13.137
13.6642 -13.091
13.655 -13.045
13.6457 -12.9989
13.6365 -12.9528
13.6272 -12.9067
13.6179 -12.8606
13.6086 -12.8144
13.5992 -12.7682
13.5898 -12.722
13.5804 -12.6758
13.5709 -12.6295
13.5615 -12.5832
13.5615 -12.5832
13.6083 -12.5892
13.6552 -12.5952
13.702 -12.6011
13.7488 -12.607
13.7956 -12.6129
13.8423 -12.6188
13.889 -12.6246
13.9357 -12.6304
13.9823 -12.6362
14.0289 -12.6419
14.0755 -12.6477
14.1221 -12.6534
14.1686 -12.659
14.2151 -12.6647
14.2616 -12.6703
14.308 -12.6759
14.3544 -12.6815
14.4008 -12.6871
14.4472 -12.6926
14.4935 -12.6981
14.5398 -12.7036
14.5861 -12.709
14.6324 -12.7145
14.6786 -12.7199
14.7248 -12.7253
14.771 -12.7306
14.8171 -12.736
14.8632 -12.7413
14.9093 -12.7466
14.9554 -12.7519
15.0014 -12.7571
15.0475 -12.7623
15.0934 -12.7676
15.1394 -12.7727
15.1854 -12.7779
15.2313 -12.7831
15.2772 -12.7882
15.323 -12.7933
15.3689 -12.7984
15.4147 -12.8034
15.4605 -12.8085
15.5062 -12.8135
15.552 -12.8185
15.5977 -12.8235
15.6434 -12.8284
15.6891 -12.8334
15.7347 -12.8383
15.7803 -12.8432
15.8259 -12.8481
15.8715 -12.8529
15.917 -12.8578
15.9574 -12.8691
15.9815 -12.8391
16.0055 -12.8091
16.0295 -12.7791
16.0535 -12.749
16.0774 -12.7188
16.1012 -12.6886
16.125 -12.6584
16.1487 -12.6281
16.1724 -12.5978
16.196 -12.5674
16.2195 -12.537
16.243 -12.5066
16.2665 -12.4761
16.2898 -12.4455
16.3132 -12.415
16.3364 -12.3843
16.3596 -12.3537
16.3828 -12.3229
16.4059 -12.2922
16.4289 -12.2614
16.4519 -12.2305
16.4748 -12.1996
16.4976 -12.1687
16.5205 -12.1377
16.5432 -12.1067
16.5659 -12.0757
16.5885 -12.0446
16.6111 -12.0134
16.6336 -11.9822
16.656 -11.951
16.6784 -11.9197
16.7008 -11.8884
16.723 -11.8571
16.7453 -11.8257
16.7674 -11.7942
16.7895 -11.7628
16.8115 -11.7312
16.8335 -11.6997
16.8555 -11.6681
16.8773 -11.6364
16.8991 -11.6047
16.9765 -11.4913
16.998 -11.4594
17.0195 -11.4275
17.0409 -11.3955
17.0622 -11.3635
17.0835 -11.3315
17.1048 -11.2994
17.1259 -11.2673
17.147 -11.2352
17.1681 -11.203
17.1891 -11.1707
17.21 -11.1385
17.2309 -11.1062
17.2517 -11.0738
17.2724 -11.0414
17.2931 -11.009
17.3137 -10.9765
17.3343 -10.944
17.3548 -10.9115
17.3752 -10.8789
17.3956 -10.8463
17.4159 -10.8136
17.4362 -10.7809
17.4564 -10.7482
17.4765 -10.7154
17.4966 -10.6826
17.5166 -10.6498
17.5366 -10.6169
17.5565 -10.584
17.5763 -10.551
17.596 -10.518
17.6157 -10.485
17.6354 -10.4519
17.655 -10.4188
17.6745 -10.3857
17.6939 -10.3525
17.7133 -10.3193
17.7327 -10.286
17.7519 -10.2528
17.7711 -10.2194
17.7903 -10.1861
17.8094 -10.1527
17.7841 -10.1193
17.763 -10.0787
17.7418 -10.038
17.7206 -9.99734
17.6994 -9.95667
17.6781 -9.91597
17.6568 -9.87527
17.6355 -9.83454
17.6142 -9.79381
17.5928 -9.75305
17.5714 -9.71229
17.55 -9.6715
17.5285 -9.6307
17.5071 -9.58989
17.4856 -9.54906
17.464 -9.50821
17.4425 -9.46735
17.4209 -9.42647
17.3992 -9.38558
17.3776 -9.34467
17.3559 -9.30374
17.3342 -9.2628
17.3124 -9.22185
17.2907 -9.18087
17.2689 -9.13988
17.247 -9.09888
17.2252 -9.05785
17.2033 -9.01682
17.1814 -8.97576
17.1594 -8.93469
17.1374 -8.8936
17.1154 -8.8525
17.0933 -8.81138
17.0713 -8.77024
17.0491 -8.72908
17.027 -8.68791
17.0048 -8.64673
16.9826 -8.60552
16.9603 -8.5643
16.938 -8.52306
16.9157 -8.4818
16.8934 -8.44053
16.871 -8.39924
16.8486 -8.35793
16.8261 -8.31661
16.8036 -8.27527
16.7811 -8.23391
16.7585 -8.19253
16.7359 -8.15114
16.7133 -8.10973
16.6906 -8.0683
16.6679 -8.02685
16.6679 -8.02685
16.7145 -8.01876
16.761 -8.01065
16.8075 -8.00253
16.854 -7.99439
16.9004 -7.98623
16.9468 -7.97805
16.9931 -7.96986
17.0394 -7.96165
17.0857 -7.95343
17.1319 -7.94519
17.1781 -7.93693
17.2243 -7.92866
17.2704 -7.92037
17.3165 -7.91206
17.3626 -7.90374
17.4086 -7.8954
17.4546 -7.88705
17.5006 -7.87869
17.5465 -7.8703
17.5924 -7.86191
17.6383 -7.8535
17.6841 -7.84507
17.7299 -7.83663
17.7757 -7.82818
17.8214 -7.81971
17.8671 -7.81122
17.9128 -7.80273
17.9585 -7.79422
18.0041 -7.78569
18.0496 -7.77715
18.0952 -7.7686
18.1407 -7.76004
18.1862 -7.75146
18.2316 -7.74287
18.2771 -7.73426
18.3225 -7.72564
18.3678 -7.71701
18.4131 -7.70837
18.4585 -7.69972
18.5037 -7.69105
18.549 -7.68237
18.5942 -7.67368
18.6394 -7.66497
18.6845 -7.65625
18.7296 -7.64753
18.7747 -7.63879
18.8198 -7.63003
18.8648 -7.62127
18.9099 -7.61249
18.9548 -7.60371
18.9998 -7.59491
19.0416 -7.59382
19.0558 -7.55808
19.07 -7.52232
19.0841 -7.48653
19.0981 -7.45071
19.112 -7.41486
19.1259 -7.37899
19.1397 -7.3431
19.1535 -7.30717
19.1671 -7.27123
19.1807 -7.23525
19.1943 -7.19925
19.2078 -7.16323
19.2212 -7.12718
19.2345 -7.0911
19.2478 -7.055
19.261 -7.01888
19.2741 -6.98273
19.2872 -6.94656
19.3002 -6.91036
19.3131 -6.87414
19.326 -6.83789
19.3388 -6.80162
19.3515 -6.76532
19.3642 -6.72901
19.3767 -6.69266
19.3893 -6.6563
19.4017 -6.61991
19.4141 -6.5835
19.4264 -6.54706
19.4387 -6.5106
19.4509 -6.47412
19.463 -6.43761
19.475 -6.40109
19.487 -6.36454
19.4989 -6.32797
19.5107 -6.29137
19.5225 -6.25475
19.5342 -6.21812
19.5458 -6.18146
19.5574 -6.14477
19.5689 -6.10807
19.6094 -5.97683
19.6206 -5.94002
19.6317 -5.9032
19.6427 -5.86636
19.6537 -5.8295
19.6646 -5.79261
19.6754 -5.75571
19.6862 -5.71878
19.6969 -5.68184
19.7075 -5.64487
19.7181 -5.60789
19.7285 -5.57088
19.739 -5.53386
19.7493 -5.49682
19.7596 -5.45975
19.7698 -5.42267
19.7799 -5.38557
19.79 -5.34845
19.8 -5.31131
19.8099 -5.27416
19.8198 -5.23698
19.8296 -5.19978
19.8393 -5.16257
19.849 -5.12534
19.8585 -5.08809
19.868 -5.05082
19.8775 -5.01354
19.8869 -4.97624
19.8962 -4.93892
19.9054 -4.90158
19.9146 -4.86423
19.9236 -4.82685
19.9327 -4.78947
19.9416 -4.75206
19.9505 -4.71464
19.9593 -4.6772
19.968 -4.63974
19.9767 -4.60227
19.9853 -4.56478
19.9938 -4.52728
20.0023 -4.48976
20.0107 -4.45222
19.9767 -4.42775
19.9445 -4.39516
19.9123 -4.36256
19.8801 -4.32995
19.8478 -4.29734
19.8155 -4.26472
19.7832 -4.2321
19.7508 -4.19947
19.7184 -4.16683
19.686 -4.13418
19.6535 -4.10153
19.621 -4.06888
19.5885 -4.03621
19.5559 -4.00354
19.5234 -3.97086
19.4907 -3.93818
19.4581 -3.90549
19.4254 -3.87279
19.3927 -3.84009
19.3599 -3.80738
19.3272 -3.77466
19.2943 -3.74194
19.2615 -3.70921
19.2286 -3.67648
19.1957 -3.64373
19.1627 -3.61098
19.1298 -3.57823
19.0967 -3.54547
19.0637 -3.5127
19.0306 -3.47993
18.9975 -3.44714
18.9643 -3.41436
18.9311 -3.38156
18.8979 -3.34876
18.8646 -3.31596
18.8313 -3.28314
18.798 -3.25032
18.7646 -3.2175
18.7312 -3.18467
18.6978 -3.15183
18.6643 -3.11898
18.6307 -3.08613
18.5972 -3.05328
18.5636 -3.02041
18.5299 -2.98754
18.4963 -2.95467
18.4625 -2.92178
18.4288 -2.8889
18.395 -2.856
18.3612 -2.8231
18.3273 -2.79019
18.2934 -2.75728
18.2934 -2.75728
18.3355 -2.73583
18.3775 -2.71437
18.4196 -2.6929
18.4616 -2.67143
18.5035 -2.64995
18.5454 -2.62847
18.5873 -2.60698
18.6291 -2.58549
18.6709 -2.56399
18.7127 -2.54248
18.7544 -2.52097
18.7961 -2.49946
18.8377 -2.47794
18.8793 -2.45641
18.9209 -2.43488
18.9624 -2.41335
19.0039 -2.39181
19.0454 -2.37027
19.0868 -2.34872
19.1282 -2.32716
19.1695 -2.30561
19.2109 -2.28405
19.2521 -2.26248
19.2934 -2.24091
19.3346 -2.21934
19.3758 -2.19776
19.4169 -2.17618
19.458 -2.15459
19.4991 -2.133
19.5401 -2.11141
19.5811 -2.08981
19.6221 -2.06821
19.663 -2.04661
19.7039 -2.025
19.7448 -2.00339
19.7856 -1.98178
19.8264 -1.96016
19.8672 -1.93854
19.9079 -1.91692
19.9486 -1.89529
19.9893 -1.87366
20.0299 -1.85203
20.0706 -1.83039
20.1111 -1.80875
20.1517 -1.78711
20.1922 -1.76547
20.2327 -1.74382
20.2731 -1.72217
20.3136 -1.70052
20.354 -1.67886
20.3943 -1.6572
20.434 -1.64383
20.437 -1.60549
20.44 -1.56714
20.4429 -1.52879
20.4457 -1.49043
20.4485 -1.45207
20.4512 -1.4137
20.4538 -1.37533
20.4564 -1.33695
20.4588 -1.29857
20.4612 -1.26019
20.4636 -1.22179
20.4658 -1.1834
20.468 -1.145
20.4701 -1.1066
20.4722 -1.06819
20.4741 -1.02978
20.476 -0.991363
20.4778 -0.952945
20.4796 -0.914523
20.4813 -0.876098
20.4829 -0.837671
20.4844 -0.79924
20.4859 -0.760806
20.4873 -0.72237
20.4886 -0.683931
20.4898 -0.645489
20.491 -0.607046
20.4921 -0.5686
20.4931 -0.530152
20.4941 -0.491703
20.495 -0.453252
20.4958 -0.414799
20.4965 -0.376344
20.4972 -0.337889
20.4978 -0.299432
20.4983 -0.260974
20.4988 -0.222515
20.4992 -0.184055
20.4995 -0.145595
20.4997 -0.107134
20.4999 -0.0686729
