20.7499 0.0603545
20.7498 0.09809
20.7496 0.135825
20.7493 0.17356
20.7489 0.211294
20.7485 0.249028
20.748 0.286761
20.7475 0.324492
20.7468 0.362223
20.7461 0.399952
20.7454 0.437681
20.7446 0.475407
20.7437 0.513132
20.7427 0.550856
20.7417 0.588577
20.7405 0.626297
20.7394 0.664015
20.7381 0.70173
20.7368 0.739443
20.7354 0.777154
20.734 0.814862
20.7325 0.852567
20.7309 0.89027
20.7292 0.927969
20.7275 0.965666
20.7257 1.00336
20.7239 1.04105
20.7219 1.07874
20.7199 1.11642
20.7179 1.1541
20.7157 1.19177
20.7135 1.22945
20.7113 1.26711
20.7089 1.30478
20.7065 1.34244
20.7041 1.38009
20.7015 1.41774
20.6989 1.45539
20.6962 1.49303
20.6935 1.53066
20.6906 1.56829
20.6878 1.60592
20.6848 1.64354
20.6818 1.68115
20.6429 1.69412
20.6032 1.71536
20.5636 1.73661
20.5239 1.75785
20.4842 1.77909
20.4445 1.80033
20.4047 1.82156
20.3649 1.84279
20.3251 1.86402
20.2852 1.88525
20.2453 1.90647
20.2054 1.92769
20.1655 1.94891
20.1255 1.97013
20.0855 1.99134
20.0455 2.01255
20.0054 2.03375
19.9653 2.05496
19.9251 2.07616
19.885 2.09735
19.8448 2.11854
19.8046 2.13973
19.7643 2.16092
19.724 2.1821
19.6837 2.20328
19.6433 2.22445
19.6029 2.24563
19.5625 2.26679
19.522 2.28796
19.4816 2.30912
19.441 2.33027
19.4005 2.35142
19.3599 2.37257
19.3193 2.39371
19.2786 2.41485
19.2379 2.43599
19.1972 2.45712
19.1564 2.47824
19.1156 2.49937
19.0748 2.52048
19.0339 2.54159
18.993 2.5627
18.952 2.5838
18.9111 2.6049
18.87 2.62599
18.829 2.64708
18.7879 2.66816
18.7468 2.68924
18.7056 2.71031
18.6644 2.73138
18.6232 2.75244
18.5819 2.77349
18.5406 2.79454
18.5406 2.79454
18.5739 2.82683
18.6071 2.85912
18.6403 2.8914
18.6735 2.92368
18.7066 2.95594
18.7397 2.98821
18.7727 3.02046
18.8057 3.05271
18.8387 3.08496
18.8716 3.1172
18.9045 3.14943
18.9374 3.18166
18.9702 3.21388
19.003 3.2461
19.0358 3.2783
19.0685 3.31051
19.1012 3.3427
19.1339 3.3749
19.1665 3.40708
19.1991 3.43926
19.2317 3.47143
19.2642 3.5036
19.2967 3.53576
19.3291 3.56791
19.3615 3.60006
19.3939 3.6322
19.4263 3.66434
19.4586 3.69647
19.4909 3.7286
19.5232 3.76071
19.5554 3.79282
19.5876 3.82493
19.6198 3.85703
19.6519 3.88912
19.684 3.92121
19.7161 3.95329
19.7481 3.98536
19.7801 4.01743
19.8121 4.04949
19.844 4.08155
19.876 4.1136
19.9078 4.14564
19.9397 4.17768
19.9715 4.20971
20.0033 4.24174
20.0351 4.27376
20.0668 4.30577
20.0985 4.33778
20.1302 4.36978
20.1619 4.40177
20.1935 4.43376
20.2251 4.46574
20.2585 4.4896
20.2503 4.52644
20.242 4.56325
20.2337 4.60006
20.2253 4.63685
20.2168 4.67362
20.2083 4.71038
20.1997 4.74712
20.191 4.78385
20.1823 4.82056
20.1735 4.85726
20.1646 4.89394
20.1557 4.9306
20.1467 4.96725
20.1376 5.00388
20.1285 5.04049
20.1193 5.07709
20.11 5.11367
20.1007 5.15023
20.0913 5.18678
20.0818 5.22331
20.0723 5.25982
20.0627 5.29631
20.053 5.33279
20.0433 5.36925
20.0335 5.40569
20.0236 5.44212
20.0137 5.47852
20.0037 5.51491
19.9936 5.55128
19.9835 5.58763
19.9733 5.62396
19.9631 5.66028
19.9527 5.69657
19.9423 5.73285
19.9319 5.76911
19.9214 5.80535
19.9108 5.84157
19.9001 5.87777
19.8894 5.91395
19.8786 5.95011
19.8677 5.98625
19.8568 6.02237
19.8458 6.05847
19.8103 6.17382
19.799 6.20983
19.7877 6.24583
19.7763 6.28181
19.7648 6.31776
19.7533 6.35369
19.7417 6.38961
19.7301 6.4255
19.7183 6.46137
19.7066 6.49722
19.6947 6.53304
19.6828 6.56885
19.6708 6.60463
19.6588 6.6404
19.6467 6.67614
19.6345 6.71186
19.6223 6.74755
19.61 6.78323
19.5976 6.81888
19.5852 6.85451
19.5727 6.89011
19.5601 6.9257
19.5475 6.96126
19.5348 6.99679
19.522 7.03231
19.5092 7.0678
19.4963 7.10327
19.4834 7.13871
19.4703 7.17413
19.4573 7.20953
19.4441 7.2449
19.4309 7.28025
19.4176 7.31557
19.4043 7.35087
19.3909 7.38615
19.3774 7.4214
19.3639 7.45663
19.3503 7.49183
19.3367 7.52701
19.3229 7.56216
19.3092 7.59729
19.2953 7.6324
19.2814 7.66747
19.2674 7.70253
19.2264 7.70344
19.1823 7.71207
19.1381 7.72068
19.094 7.72928
19.0498 7.73788
19.0055 7.74646
18.9613 7.75503
18.917 7.76359
18.8727 7.77213
18.8283 7.78067
18.784 7.78919
18.7396 7.7977
18.6951 7.80621
18.6507 7.81469
18.6062 7.82317
18.5617 7.83164
18.5171 7.84009
18.4726 7.84853
18.428 7.85696
18.3833 7.86537
18.3387 7.87378
18.294 7.88217
18.2493 7.89054
18.2045 7.89891
18.1598 7.90726
18.115 7.9156
18.0701 7.92392
18.0252 7.93224
17.9803 7.94053
17.9354 7.94882
17.8905 7.95709
17.8455 7.96535
17.8004 7.97359
17.7554 7.98182
17.7103 7.99003
17.6652 7.99823
17.62 8.00642
17.5749 8.01459
17.5296 8.02275
17.4844 8.03089
17.4391 8.03902
17.3938 8.04713
17.3485 8.05522
17.3031 8.06331
17.2577 8.07137
17.2122 8.07942
17.1668 8.08746
17.1212 8.09547
17.0757 8.10348
17.0301 8.11146
16.9845 8.11943
16.9389 8.12738
16.8932 8.13532
16.8932 8.13532
16.9154 8.17599
16.9377 8.21663
16.9599 8.25727
16.9821 8.29788
17.0042 8.33848
17.0263 8.37906
17.0484 8.41963
17.0704 8.46018
17.0924 8.50071
17.1144 8.54122
17.1364 8.58172
17.1583 8.62221
17.1801 8.66268
17.202 8.70313
17.2238 8.74356
17.2456 8.78398
17.2673 8.82438
17.2891 8.86477
17.3107 8.90514
17.3324 8.9455
17.354 8.98584
17.3756 9.02616
17.3972 9.06647
17.4187 9.10676
17.4402 9.14704
17.4617 9.1873
17.4832 9.22754
17.5046 9.26777
17.526 9.30799
17.5473 9.34819
17.5686 9.38837
17.5899 9.42854
17.6112 9.4687
17.6325 9.50883
17.6537 9.54896
17.6749 9.58907
17.696 9.62916
17.7172 9.66924
17.7383 9.7093
17.7594 9.74935
17.7804 9.78938
17.8014 9.8294
17.8224 9.86941
17.8434 9.9094
17.8644 9.94937
17.8853 9.98933
17.9062 10.0293
17.927 10.0692
17.9479 10.1091
17.9687 10.149
17.9895 10.1889
18.0103 10.2288
18.0351 10.2614
18.0164 10.2942
17.9977 10.327
17.9789 10.3597
17.96 10.3924
17.9411 10.425
17.9221 10.4576
17.903 10.4902
17.8839 10.5227
17.8648 10.5552
17.8455 10.5877
17.8262 10.6201
17.8069 10.6525
17.7875 10.6849
17.768 10.7172
17.7485 10.7495
17.7289 10.7818
17.7093 10.814
17.6896 10.8462
17.6699 10.8784
17.65 10.9105
17.6302 10.9426
17.6102 10.9746
17.5903 11.0066
17.5702 11.0386
17.5501 11.0705
17.5299 11.1024
17.5097 11.1343
17.4894 11.1661
17.4691 11.1979
17.4487 11.2296
17.4283 11.2613
17.4078 11.293
17.3872 11.3247
17.3666 11.3563
17.3459 11.3878
17.3252 11.4194
17.3044 11.4508
17.2835 11.4823
17.2626 11.5137
17.2416 11.5451
17.2206 11.5764
17.1995 11.6077
17.1784 11.639
17.1104 11.7387
17.089 11.7698
17.0676 11.8009
17.0461 11.8319
17.0245 11.8629
17.0029 11.8938
16.9813 11.9247
16.9596 11.9556
16.9378 11.9864
16.916 12.0172
16.8941 12.0479
16.8721 12.0786
16.8502 12.1093
16.8281 12.1399
16.806 12.1705
16.7838 12.201
16.7616 12.2315
16.7393 12.262
16.717 12.2924
16.6946 12.3228
16.6722 12.3531
16.6497 12.3834
16.6272 12.4137
16.6046 12.4439
16.5819 12.4741
16.5592 12.5042
16.5364 12.5343
16.5136 12.5644
16.4907 12.5944
16.4678 12.6244
16.4448 12.6543
16.4218 12.6842
16.3987 12.714
16.3755 12.7438
16.3523 12.7736
16.3291 12.8033
16.3057 12.833
16.2824 12.8626
16.259 12.8922
16.2355 12.9217
16.212 12.9512
16.1884 12.9807
16.1648 13.0101
16.1411 13.0395
16.1016 13.0283
16.0569 13.0235
16.0122 13.0187
15.9674 13.0139
15.9226 13.0091
15.8779 13.0043
15.833 12.9994
15.7882 12.9945
15.7433 12.9897
15.6984 12.9847
15.6535 12.9798
15.6086 12.9749
15.5636 12.9699
15.5187 12.9649
15.4736 12.9599
15.4286 12.9548
15.3836 12.9498
15.3385 12.9447
15.2934 12.9396
15.2483 12.9345
15.2031 12.9294
15.1579 12.9242
15.1127 12.9191
15.0675 12.9139
15.0223 12.9086
14.977 12.9034
14.9317 12.8981
14.8864 12.8929
14.841 12.8876
14.7956 12.8822
14.7502 12.8769
14.7048 12.8715
14.6594 12.8661
14.6139 12.8607
14.5684 12.8553
14.5229 12.8498
14.4773 12.8443
14.4317 12.8388
14.3861 12.8333
14.3405 12.8277
14.2948 12.8221
14.2491 12.8165
14.2034 12.8109
14.1577 12.8053
14.1119 12.7996
14.0661 12.7939
14.0203 12.7881
13.9744 12.7824
13.9285 12.7766
13.8826 12.7708
13.8367 12.765
13.7907 12.7591
13.7447 12.7532
13.7447 12.7532
13.754 12.7987
13.7633 12.8441
13.7725 12.8894
13.7818 12.9348
13.791 12.9801
13.8001 13.0254
13.8093 13.0707
13.8184 13.1159
13.8274 13.1611
13.8365 13.2063
13.8455 13.2515
13.8545 13.2966
13.8635 13.3418
13.8725 13.3868
13.8814 13.4319
13.8903 13.477
13.8992 13.522
13.908 13.567
13.9168 13.6119
13.9256 13.6569
13.9344 13.7018
13.9432 13.7467
13.9519 13.7916
13.9606 13.8364
13.9693 13.8813
13.9779 13.9261
13.9866 13.9708
13.9952 14.0156
14.0037 14.0603
14.0123 14.105
14.0208 14.1497
14.0294 14.1944
14.0379 14.239
14.0463 14.2836
14.0548 14.3282
14.0632 14.3728
14.0716 14.4174
14.08 14.4619
14.0884 14.5064
14.0967 14.5509
14.105 14.5953
14.1133 14.6398
14.1216 14.6842
14.1298 14.7286
14.1381 14.773
14.1463 14.8173
14.1545 14.8616
14.1626 14.906
14.1708 14.9502
14.1789 14.9945
14.187 15.0388
14.1951 15.083
14.2093 15.1215
14.1817 15.1473
14.1542 15.1731
14.1265 15.1988
14.0989 15.2245
14.0712 15.2501
14.0434 15.2756
14.0156 15.3011
13.9878 15.3266
13.9599 15.352
13.9319 15.3774
13.9039 15.4027
13.8759 15.428
13.8478 15.4532
13.8197 15.4783
13.7915 15.5034
13.7633 15.5285
13.735 15.5535
13.7067 15.5784
13.6784 15.6033
13.65 15.6282
13.6215 15.653
13.5931 15.6777
13.5645 15.7024
13.5359 15.7271
13.5073 15.7517
13.4786 15.7762
13.4499 15.8007
13.4212 15.8251
13.3924 15.8495
13.3635 15.8738
13.3346 15.8981
13.3057 15.9223
13.2767 15.9465
13.2477 15.9706
13.2186 15.9947
13.1895 16.0187
13.1604 16.0427
13.1312 16.0666
13.1019 16.0904
13.0727 16.1142
13.0433 16.138
13.014 16.1617
12.9845 16.1853
12.8902 16.2606
12.8606 16.284
12.8309 16.3073
12.8013 16.3306
12.7715 16.3539
12.7418 16.3771
12.712 16.4002
12.6821 16.4233
12.6522 16.4464
12.6223 16.4694
12.5923 16.4923
12.5623 16.5152
12.5323 16.538
12.5022 16.5607
12.472 16.5834
12.4419 16.6061
12.4116 16.6287
12.3814 16.6512
12.3511 16.6737
12.3207 16.6962
12.2903 16.7185
12.2599 16.7409
12.2295 16.7631
12.199 16.7854
12.1684 16.8075
12.1378 16.8296
12.1072 16.8517
12.0765 16.8736
12.0458 16.8956
12.0151 16.9175
11.9843 16.9393
11.9535 16.961
11.9226 16.9828
11.8917 17.0044
11.8608 17.026
11.8298 17.0476
11.7987 17.069
11.7677 17.0905
11.7366 17.1118
11.7054 17.1332
11.6743 17.1544
11.6431 17.1756
11.6118 17.1968
11.5805 17.2179
11.5461 17.1955
11.5048 17.1778
11.4635 17.16
11.4221 17.1422
11.3807 17.1244
11.3394 17.1066
11.298 17.0888
11.2566 17.0709
11.2151 17.053
11.1737 17.0351
11.1322 17.0171
11.0907 16.9991
11.0492 16.9811
11.0077 16.9631
10.9662 16.945
10.9247 16.927
10.8831 16.9089
10.8415 16.8907
10.7999 16.8726
10.7583 16.8544
10.7167 16.8362
10.675 16.8179
10.6334 16.7997
10.5917 16.7814
10.55 16.763
10.5083 16.7447
10.4665 16.7263
10.4248 16.7079
10.383 16.6895
10.3412 16.671
10.2994 16.6525
10.2576 16.634
10.2157 16.6154
10.1739 16.5969
10.132 16.5782
10.0901 16.5596
10.0482 16.5409
10.0062 16.5222
9.9643 16.5035
9.92233 16.4847
9.88034 16.466
9.83833 16.4471
9.7963 16.4283
9.75426 16.4094
9.71219 16.3905
9.67011 16.3715
9.62801 16.3525
9.58589 16.3335
9.54375 16.3145
9.50159 16.2954
9.45941 16.2763
9.41722 16.2572
9.375 16.238
9.375 16.238
9.3705 16.2841
9.36598 16.3302
9.36144 16.3763
9.35689 16.4224
9.35231 16.4684
9.34771 16.5144
9.3431 16.5603
9.33847 16.6062
9.33382 16.6521
9.32915 16.698
9.32447 16.7438
9.31976 16.7896
9.31504 16.8354
9.31031 16.8811
9.30555 16.9268
9.30078 16.9724
9.29599 17.0181
9.29118 17.0637
9.28636 17.1093
9.28152 17.1548
9.27667 17.2003
9.2718 17.2458
9.26691 17.2913
9.262 17.3367
9.25708 17.3821
9.25215 17.4274
9.2472 17.4728
9.24223 17.5181
9.23725 17.5633
9.23225 17.6086
9.22724 17.6538
9.22221 17.699
9.21717 17.7442
9.21211 17.7893
9.20704 17.8344
9.20195 17.8795
9.19685 17.9245
9.19174 17.9695
9.18661 18.0145
9.18147 18.0595
9.17631 18.1044
9.17114 18.1493
9.16595 18.1942
9.16076 18.2391
9.15554 18.2839
9.15032 18.3287
9.14508 18.3735
9.13983 18.4182
9.13457 18.463
9.12929 18.5077
9.124 18.5523
9.11869 18.597
9.12084 18.6379
9.08693 18.6545
9.05299 18.671
9.01902 18.6874
8.98502 18.7038
8.951 18.7201
8.91694 18.7363
8.88285 18.7525
8.84873 18.7687
8.81458 18.7847
8.78041 18.8007
8.7462 18.8167
8.71197 18.8325
8.6777 18.8483
8.64341 18.8641
8.60909 18.8798
8.57474 18.8954
8.54036 18.911
8.50596 18.9265
8.47153 18.9419
8.43706 18.9573
8.40257 18.9726
8.36806 18.9878
8.33351 19.003
8.29894 19.0182
8.26434 19.0332
8.22971 19.0482
8.19506 19.0631
8.16038 19.078
8.12567 19.0928
8.09093 19.1076
8.05617 19.1223
8.02138 19.1369
7.98657 19.1514
7.95172 19.1659
7.91685 19.1804
7.88196 19.1947
7.84704 19.209
7.81209 19.2233
7.77712 19.2374
7.74212 19.2515
7.7071 19.2656
7.67205 19.2796
7.63698 19.2935
7.52461 19.3376
7.48943 19.3513
7.45423 19.3648
7.419 19.3784
7.38374 19.3918
7.34847 19.4052
7.31316 19.4186
7.27784 19.4318
7.24249 19.445
7.20711 19.4582
7.17171 19.4712
7.13629 19.4842
7.10085 19.4972
7.06538 19.5101
7.02988 19.5229
6.99437 19.5356
6.95883 19.5483
6.92327 19.561
6.88768 19.5735
6.85208 19.586
6.81644 19.5984
6.78079 19.6108
6.74512 19.6231
6.70942 19.6353
6.6737 19.6475
6.63796 19.6596
6.60219 19.6716
6.56641 19.6836
6.5306 19.6955
6.49477 19.7074
6.45892 19.7191
6.42305 19.7309
6.38716 19.7425
6.35124 19.7541
6.31531 19.7656
6.27935 19.7771
6.24337 19.7885
6.20738 19.7998
6.17136 19.811
6.13532 19.8222
6.09926 19.8333
6.06318 19.8444
6.02708 19.8554
5.99096 19.8663
5.96468 19.8348
5.93042 19.8057
5.89616 19.7766
5.86189 19.7474
5.82761 19.7182
5.79333 19.689
5.75903 19.6597
5.72473 19.6304
5.69042 19.6011
5.6561 19.5717
5.62177 19.5424
5.58743 19.513
5.55308 19.4835
5.51873 19.4541
5.48437 19.4246
5.45 19.3951
5.41562 19.3655
5.38123 19.3359
5.34683 19.3063
5.31243 19.2767
5.27802 19.247
5.2436 19.2173
5.20916 19.1875
5.17473 19.1578
5.14028 19.128
5.10582 19.0981
5.07136 19.0683
5.03689 19.0384
5.0024 19.0084
4.96791 18.9785
4.93342 18.9485
4.89891 18.9185
4.86439 18.8884
4.82987 18.8583
4.79534 18.8282
4.76079 18.798
4.72624 18.7678
4.69169 18.7376
4.65712 18.7073
4.62254 18.677
4.58796 18.6467
4.55336 18.6163
4.51876 18.5859
4.48415 18.5555
4.44953 18.525
4.4149 18.4945
4.38027 18.464
4.34562 18.4334
4.31097 18.4028
4.27631 18.3721
4.24164 18.3414
4.20696 18.3107
4.17227 18.2799
4.17227 18.2799
4.15436 18.3227
4.13645 18.3654
4.11853 18.4081
4.10061 18.4508
4.08267 18.4934
4.06472 18.536
4.04677 18.5785
4.02881 18.621
4.01084 18.6635
3.99287 18.706
3.97488 18.7484
3.95689 18.7907
3.93889 18.8331
3.92089 18.8754
3.90287 18.9176
3.88485 18.9599
3.86683 19.0021
3.84879 19.0442
3.83075 19.0863
3.8127 19.1284
3.79465 19.1705
3.77659 19.2125
3.75852 19.2545
3.74044 19.2965
3.72236 19.3384
3.70428 19.3803
3.68618 19.4222
3.66808 19.464
3.64998 19.5058
3.63186 19.5475
3.61375 19.5893
3.59562 19.631
3.57749 19.6726
3.55936 19.7143
3.54122 19.7559
3.52307 19.7975
3.50492 19.839
3.48676 19.8805
3.4686 19.922
3.45043 19.9634
3.43226 20.0049
3.41408 20.0463
3.39589 20.0876
3.37771 20.1289
3.35951 20.1703
3.34131 20.2115
3.32311 20.2528
3.3049 20.294
3.28669 20.3352
3.26847 20.3763
3.25025 20.4174
3.23202 20.4585
3.222 20.4983
3.18472 20.5041
3.14742 20.5099
3.11012 20.5156
3.07281 20.5212
3.03548 20.5268
2.99815 20.5323
2.9608 20.5377
2.92345 20.543
2.88608 20.5483
2.84871 20.5535
2.81133 20.5587
2.77393 20.5637
2.73653 20.5688
2.69912 20.5737
2.6617 20.5786
2.62427 20.5834
2.58684 20.5881
2.54939 20.5928
2.51194 20.5974
2.47447 20.6019
2.437 20.6064
2.39952 20.6108
2.36204 20.6151
2.32454 20.6194
2.28704 20.6236
2.24953 20.6277
2.21201 20.6318
2.17449 20.6357
2.13696 20.6397
2.09942 20.6435
2.06187 20.6473
2.02432 20.651
1.98676 20.6547
1.9492 20.6582
1.91162 20.6618
1.87404 20.6652
1.83646 20.6686
1.79887 20.6719
1.76127 20.6751
1.72367 20.6783
1.68606 20.6814
1.64845 20.6844
1.61083 20.6874
1.49046 20.6964
1.45282 20.6991
1.41517 20.7017
1.37752 20.7042
1.33987 20.7067
1.30221 20.7091
1.26454 20.7114
1.22687 20.7137
1.1892 20.7159
1.15153 20.718
1.11385 20.7201
1.07616 20.7221
1.03848 20.724
1.00079 20.7259
0.963094 20.7276
0.925397 20.7294
0.887697 20.731
0.849994 20.7326
0.812289 20.7341
0.774581 20.7355
0.73687 20.7369
0.699157 20.7382
0.661441 20.7395
0.623723 20.7406
0.586004 20.7417
0.548282 20.7428
0.510558 20.7437
0.472833 20.7446
0.435106 20.7454
0.397378 20.7462
0.359648 20.7469
0.321918 20.7475
0.284186 20.7481
0.246453 20.7485
0.208719 20.749
0.170985 20.7493
0.13325 20.7496
0.0955151 20.7498
0.0577795 20.7499
0.0200437 20.75
-0.0176921 20.75
-0.0554279 20.7499
-0.0931635 20.7498
-0.130899 20.7496
-0.146737 20.7117
-0.170885 20.6738
-0.195033 20.6359
-0.219181 20.5979
-0.243329 20.5599
-0.267476 20.5218
-0.291623 20.4838
-0.31577 20.4457
-0.339916 20.4075
-0.364061 20.3694
-0.388206 20.3312
-0.412351 20.293
-0.436495 20.2547
-0.460638 20.2165
-0.48478 20.1781
-0.508922 20.1398
-0.533063 20.1014
-0.557203 20.063
-0.581342 20.0246
-0.60548 19.9861
-0.629618 19.9476
-0.653754 19.9091
-0.677889 19.8705
-0.702023 19.8319
-0.726156 19.7933
-0.750288 19.7546
-0.774418 19.7159
-0.798547 19.6772
-0.822675 19.6384
-0.846802 19.5996
-0.870927 19.5608
-0.89505 19.5219
-0.919172 19.483
-0.943292 19.4441
-0.967411 19.4051
-0.991528 19.3661
-1.01564 19.3271
-1.03976 19.288
-1.06387 19.2489
-1.08798 19.2098
-1.11208 19.1706
-1.13619 19.1314
-1.16029 19.0921
-1.18439 19.0528
-1.20849 19.0135
-1.23259 18.9742
-1.25668 18.9348
-1.28077 18.8953
-1.30486 18.8558
-1.32895 18.8163
-1.35303 18.7768
-1.37711 18.7372
-1.40119 18.6976
-1.40119 18.6976
-1.4309 18.7332
-1.46062 18.7687
-1.49033 18.8042
-1.52003 18.8397
-1.54973 18.8752
-1.57943 18.9106
-1.60913 18.9459
-1.63882 18.9813
-1.66852 19.0166
-1.6982 19.0518
-1.72789 19.087
-1.75757 19.1222
-1.78724 19.1574
-1.81692 19.1925
-1.84659 19.2276
-1.87626 19.2626
-1.90592 19.2976
-1.93558 19.3326
-1.96524 19.3675
-1.99489 19.4024
-2.02454 19.4373
-2.05419 19.4721
-2.08383 19.5069
-2.11347 19.5417
-2.14311 19.5764
-2.17274 19.6111
-2.20237 19.6458
-2.23199 19.6804
-2.26161 19.715
-2.29123 19.7496
-2.32084 19.7841
-2.35045 19.8187
-2.38006 19.8531
-2.40966 19.8876
-2.43926 19.922
-2.46885 19.9564
-2.49844 19.9907
-2.52803 20.025
-2.55761 20.0593
-2.58719 20.0936
-2.61677 20.1278
-2.64634 20.162
-2.6759 20.1961
-2.70547 20.2303
-2.73503 20.2644
-2.76458 20.2985
-2.79413 20.3325
-2.82368 20.3665
-2.85322 20.4005
-2.88276 20.4345
-2.9123 20.4684
-2.94183 20.5023
-2.96313 20.5373
-3.00047 20.5319
-3.03781 20.5264
-3.07513 20.5209
-3.11245 20.5152
-3.14975 20.5095
-3.18704 20.5038
-3.22433 20.498
-3.2616 20.4921
-3.29886 20.4861
-3.33611 20.4801
-3.37335 20.474
-3.41058 20.4678
-3.44779 20.4616
-3.485 20.4553
-3.52219 20.4489
-3.55938 20.4424
-3.59655 20.4359
-3.63371 20.4294
-3.67085 20.4227
-3.70799 20.416
-3.74511 20.4092
-3.78222 20.4024
-3.81932 20.3955
-3.8564 20.3885
-3.89347 20.3814
-3.93053 20.3743
-3.96758 20.3672
-4.00461 20.3599
-4.04163 20.3526
-4.07864 20.3452
-4.11563 20.3378
-4.15261 20.3302
-4.18958 20.3226
-4.22653 20.315
-4.26346 20.3073
-4.30039 20.2995
-4.3373 20.2916
-4.37419 20.2837
-4.41107 20.2757
-4.44794 20.2677
-4.48479 20.2595
-4.52163 20.2514
-4.55845 20.2431
-4.67613 20.2162
-4.71289 20.2077
-4.74963 20.1991
-4.78636 20.1904
-4.82307 20.1817
-4.85976 20.1729
-4.89644 20.164
-4.9331 20.1551
-4.96975 20.1461
-5.00638 20.137
-5.04299 20.1279
-5.07959 20.1187
-5.11616 20.1094
-5.15273 20.1
-5.18927 20.0906
-5.2258 20.0812
-5.26231 20.0716
-5.2988 20.062
-5.33528 20.0524
-5.37174 20.0426
-5.40818 20.0328
-5.4446 20.023
-5.48101 20.013
-5.51739 20.003
-5.55376 19.993
-5.59011 19.9828
-5.62644 19.9726
-5.66276 19.9624
-5.69905 19.952
-5.73532 19.9416
-5.77158 19.9312
-5.80782 19.9206
-5.84404 19.91
-5.88023 19.8994
-5.91641 19.8887
-5.95257 19.8779
-5.98871 19.867
-6.02483 19.8561
-6.06093 19.8451
-6.09701 19.834
-6.13307 19.8229
-6.16911 19.8117
-6.20513 19.8005
-6.24113 19.7892
-6.24511 19.7483
-6.25701 19.705
-6.2689 19.6616
-6.28078 19.6182
-6.29265 19.5747
-6.30451 19.5313
-6.31637 19.4878
-6.32821 19.4443
-6.34004 19.4007
-6.35187 19.3571
-6.36369 19.3135
-6.37549 19.2699
-6.38729 19.2262
-6.39908 19.1825
-6.41085 19.1388
-6.42262 19.095
-6.43438 19.0513
-6.44613 19.0074
-6.45786 18.9636
-6.46959 18.9197
-6.48131 18.8758
-6.49301 18.8319
-6.50471 18.7879
-6.51639 18.7439
-6.52807 18.6999
-6.53973 18.6558
-6.55139 18.6117
-6.56303 18.5676
-6.57466 18.5235
-6.58628 18.4793
-6.59788 18.4351
-6.60948 18.3908
-6.62106 18.3465
-6.63264 18.3022
-6.6442 18.2579
-6.65575 18.2135
-6.66728 18.1691
-6.67881 18.1246
-6.69032 18.0802
-6.70182 18.0357
-6.71331 17.9911
-6.72479 17.9465
-6.73625 17.9019
-6.7477 17.8573
-6.75913 17.8126
-6.77056 17.7679
-6.78197 17.7231
-6.79337 17.6783
-6.80475 17.6335
-6.81612 17.5887
-6.82747 17.5438
-6.83882 17.4988
-6.85014 17.4539
-6.85014 17.4539
-6.88903 17.4791
-6.9279 17.5044
-6.96676 17.5295
-7.00561 17.5547
-7.04444 17.5798
-7.08325 17.6049
-7.12206 17.6299
-7.16084 17.6549
-7.19962 17.6799
-7.23838 17.7048
-7.27713 17.7298
-7.31586 17.7546
-7.35458 17.7795
-7.39328 17.8043
-7.43198 17.8291
-7.47065 17.8538
-7.50932 17.8785
-7.54797 17.9032
-7.58661 17.9278
-7.62523 17.9524
-7.66384 17.977
-7.70244 18.0016
-7.74102 18.0261
-7.77959 18.0506
-7.81815 18.075
-7.85669 18.0994
-7.89522 18.1238
-7.93374 18.1482
-7.97225 18.1725
-8.01074 18.1968
-8.04921 18.2211
-8.08768 18.2454
-8.12613 18.2696
-8.16457 18.2938
-8.203 18.3179
-8.24141 18.342
-8.27981 18.3661
-8.31819 18.3902
-8.35657 18.4143
-8.39493 18.4383
-8.43328 18.4623
-8.47162 18.4862
-8.50994 18.5101
-8.54825 18.534
-8.58655 18.5579
-8.62483 18.5818
-8.66311 18.6056
-8.70137 18.6294
-8.73961 18.6532
-8.77785 18.6769
-8.81607 18.7006
-8.85428 18.7243
-8.88497 18.7515
-8.91906 18.7353
-8.95312 18.7191
-8.98714 18.7028
-9.02114 18.6864
-9.05511 18.67
-9.08905 18.6535
-9.12296 18.6369
-9.15683 18.6203
-9.19068 18.6036
-9.2245 18.5869
-9.25829 18.57
-9.29204 18.5532
-9.32577 18.5363
-9.35946 18.5193
-9.39313 18.5022
-9.42676 18.4851
-9.46036 18.4679
-9.49393 18.4507
-9.52747 18.4334
-9.56097 18.416
-9.59445 18.3986
-9.62789 18.3811
-9.66131 18.3636
-9.69469 18.346
-9.72803 18.3283
-9.76135 18.3106
-9.79463 18.2928
-9.82788 18.275
-9.8611 18.2571
-9.89429 18.2391
-9.92744 18.2211
-9.96056 18.203
-9.99365 18.1849
-10.0267 18.1667
-10.0597 18.1484
-10.0927 18.1301
-10.1257 18.1117
-10.1586 18.0932
-10.1915 18.0747
-10.2243 18.0562
-10.2571 18.0376
-10.2899 18.0189
-10.3227 18.0001
-10.4272 17.9398
-10.4598 17.9208
-10.4924 17.9017
-10.5249 17.8826
-10.5574 17.8634
-10.5899 17.8442
-10.6224 17.8249
-10.6547 17.8056
-10.6871 17.7862
-10.7194 17.7667
-10.7517 17.7472
-10.784 17.7276
-10.8162 17.708
-10.8484 17.6883
-10.8805 17.6685
-10.9127 17.6487
-10.9447 17.6288
-10.9768 17.6089
-11.0088 17.5889
-11.0408 17.5688
-11.0727 17.5487
-11.1046 17.5286
-11.1364 17.5083
-11.1683 17.4881
-11.2001 17.4677
-11.2318 17.4473
-11.2635 17.4269
-11.2952 17.4064
-11.3268 17.3858
-11.3584 17.3652
-11.39 17.3445
-11.4215 17.3237
-11.453 17.3029
-11.4844 17.2821
-11.5158 17.2612
-11.5472 17.2402
-11.5786 17.2192
-11.6098 17.1981
-11.6411 17.1769
-11.6723 17.1557
-11.7035 17.1345
-11.7346 17.1132
-11.7657 17.0918
-11.7968 17.0704
-11.7886 17.0302
-11.7872 16.9853
-11.7857 16.9403
-11.7843 16.8953
-11.7828 16.8503
-11.7814 16.8053
-11.7799 16.7602
-11.7784 16.7151
-11.7768 16.67
-11.7753 16.6249
-11.7737 16.5797
-11.7721 16.5346
-11.7705 16.4894
-11.7689 16.4441
-11.7673 16.3989
-11.7656 16.3536
-11.764 16.3083
-11.7623 16.263
-11.7606 16.2176
-11.7588 16.1722
-11.7571 16.1268
-11.7553 16.0814
-11.7536 16.0359
-11.7518 15.9904
-11.7499 15.9449
-11.7481 15.8994
-11.7462 15.8538
-11.7444 15.8082
-11.7425 15.7626
-11.7405 15.717
-11.7386 15.6713
-11.7366 15.6256
-11.7346 15.5799
-11.7326 15.5341
-11.7306 15.4883
-11.7286 15.4425
-11.7265 15.3967
-11.7244 15.3508
-11.7223 15.3049
-11.7202 15.259
-11.718 15.213
-11.7159 15.1671
-11.7137 15.121
-11.7114 15.075
-11.7092 15.0289
-11.7069 14.9828
-11.7046 14.9367
-11.7023 14.8906
-11.7 14.8444
-11.6976 14.7982
-11.6953 14.7519
-11.6929 14.7056
-11.6904 14.6593
-11.6904 14.6593
-11.735 14.672
-11.7796 14.6847
-11.8242 14.6973
-11.8687 14.7098
-11.9132 14.7224
-11.9577 14.7349
-12.0022 14.7474
-12.0466 14.7599
-12.091 14.7723
-12.1354 14.7847
-12.1798 14.7971
-12.2241 14.8095
-12.2684 14.8218
-12.3127 14.8341
-12.357 14.8463
-12.4013 14.8586
-12.4455 14.8708
-12.4897 14.883
-12.5339 14.8951
-12.578 14.9073
-12.6222 14.9194
-12.6663 14.9315
-12.7104 14.9435
-12.7545 14.9556
-12.7985 14.9676
-12.8425 14.9795
-12.8866 14.9915
-12.9305 15.0034
-12.9745 15.0153
-13.0185 15.0272
-13.0624 15.0391
-13.1063 15.0509
-13.1502 15.0627
-13.194 15.0745
-13.2379 15.0862
-13.2817 15.098
-13.3255 15.1097
-13.3693 15.1214
-13.413 15.133
-13.4567 15.1447
-13.5005 15.1563
-13.5442 15.1679
-13.5878 15.1794
-13.6315 15.191
-13.6751 15.2025
-13.7187 15.214
-13.7623 15.2255
-13.8059 15.237
-13.8495 15.2484
-13.893 15.2598
-13.9365 15.2712
-13.98 15.2826
-14.0173 15.2996
-14.0451 15.274
-14.0729 15.2485
-14.1006 15.2229
-14.1283 15.1972
-14.1559 15.1715
-14.1835 15.1457
-14.211 15.1199
-14.2384 15.094
-14.2659 15.0681
-14.2933 15.0421
-14.3206 15.0161
-14.3479 14.99
-14.3751 14.9639
-14.4023 14.9378
-14.4294 14.9115
-14.4565 14.8853
-14.4836 14.859
-14.5106 14.8326
-14.5375 14.8062
-14.5644 14.7797
-14.5913 14.7532
-14.6181 14.7266
-14.6448 14.7
-14.6716 14.6734
-14.6982 14.6467
-14.7248 14.6199
-14.7514 14.5931
-14.7779 14.5663
-14.8044 14.5394
-14.8308 14.5124
-14.8572 14.4854
-14.8835 14.4584
-14.9097 14.4313
-14.936 14.4041
-14.9621 14.377
-14.9883 14.3497
-15.0143 14.3224
-15.0403 14.2951
-15.0663 14.2677
-15.0922 14.2403
-15.1181 14.2128
-15.1439 14.1853
-15.1697 14.1578
-15.2518 14.0693
-15.2774 14.0415
-15.3029 14.0137
-15.3283 13.9859
-15.3538 13.958
-15.3791 13.93
-15.4044 13.902
-15.4297 13.874
-15.4549 13.8459
-15.48 13.8178
-15.5051 13.7896
-15.5302 13.7614
-15.5552 13.7331
-15.5801 13.7048
-15.605 13.6764
-15.6299 13.648
-15.6547 13.6196
-15.6794 13.5911
-15.7041 13.5626
-15.7288 13.534
-15.7533 13.5054
-15.7779 13.4767
-15.8024 13.448
-15.8268 13.4192
-15.8512 13.3904
-15.8755 13.3616
-15.8998 13.3327
-15.924 13.3037
-15.9482 13.2747
-15.9723 13.2457
-15.9963 13.2167
-16.0203 13.1875
-16.0443 13.1584
-16.0682 13.1292
-16.092 13.0999
-16.1158 13.0707
-16.1396 13.0413
-16.1633 13.012
-16.1869 12.9825
-16.2105 12.9531
-16.234 12.9236
-16.2575 12.894
-16.2809 12.8644
-16.3043 12.8348
-16.2846 12.7988
-16.27 12.7563
-16.2554 12.7138
-16.2407 12.6712
-16.2261 12.6286
-16.2114 12.586
-16.1967 12.5434
-16.182 12.5008
-16.1672 12.4581
-16.1524 12.4155
-16.1376 12.3728
-16.1228 12.3301
-16.1079 12.2874
-16.0931 12.2446
-16.0782 12.2018
-16.0632 12.1591
-16.0483 12.1163
-16.0333 12.0734
-16.0183 12.0306
-16.0033 11.9878
-15.9882 11.9449
-15.9732 11.902
-15.9581 11.8591
-15.9429 11.8161
-15.9278 11.7732
-15.9126 11.7302
-15.8974 11.6872
-15.8821 11.6442
-15.8669 11.6012
-15.8516 11.5581
-15.8363 11.515
-15.8209 11.472
-15.8056 11.4288
-15.7902 11.3857
-15.7747 11.3426
-15.7593 11.2994
-15.7438 11.2562
-15.7283 11.213
-15.7127 11.1697
-15.6972 11.1265
-15.6816 11.0832
-15.6659 11.0399
-15.6503 10.9966
-15.6346 10.9533
-15.6189 10.9099
-15.6031 10.8665
-15.5873 10.8231
-15.5715 10.7797
-15.5557 10.7362
-15.5398 10.6928
-15.5239 10.6493
-15.5079 10.6058
-15.492 10.5623
-15.492 10.5623
-15.5383 10.5612
-15.5847 10.5602
-15.631 10.5591
-15.6772 10.558
-15.7234 10.5568
-15.7696 10.5557
-15.8158 10.5545
-15.8619 10.5533
-15.9081 10.5521
-15.9541 10.5509
-16.0002 10.5497
-16.0462 10.5484
-16.0922 10.5471
-16.1381 10.5458
-16.184 10.5445
-16.2299 10.5431
-16.2758 10.5418
-16.3216 10.5404
-16.3675 10.539
-16.4132 10.5375
-16.459 10.5361
-16.5047 10.5346
-16.5504 10.5332
-16.596 10.5317
-16.6417 10.5302
-16.6873 10.5286
-16.7329 10.5271
-16.7784 10.5255
-16.8239 10.5239
-16.8694 10.5223
-16.9149 10.5207
-16.9603 10.5191
-17.0057 10.5174
-17.0511 10.5157
-17.0965 10.5141
-17.1418 10.5124
-17.1871 10.5106
-17.2324 10.5089
-17.2776 10.5071
-17.3229 10.5054
-17.3681 10.5036
-17.4132 10.5018
-17.4584 10.5
-17.5035 10.4981
-17.5486 10.4963
-17.5937 10.4944
-17.6387 10.4926
-17.6837 10.4907
-17.7287 10.4888
-17.7737 10.4868
-17.8186 10.4849
-17.8635 10.4829
-17.9042 10.4882
-17.9233 10.4556
-17.9422 10.423
-17.9612 10.3903
-17.98 10.3576
-17.9988 10.3249
-18.0176 10.2922
-18.0363 10.2594
-18.0549 10.2266
-18.0735 10.1937
-18.092 10.1608
-18.1104 10.1279
-18.1288 10.095
-18.1472 10.062
-18.1654 10.029
-18.1836 9.99591
-18.2018 9.96282
-18.2199 9.9297
-18.2379 9.89655
-18.2559 9.86337
-18.2738 9.83015
-18.2916 9.7969
-18.3094 9.76362
-18.3271 9.73031
-18.3448 9.69696
-18.3624 9.66358
-18.3799 9.63017
-18.3974 9.59673
-18.4148 9.56326
-18.4322 9.52975
-18.4495 9.49622
-18.4667 9.46265
-18.4839 9.42905
-18.501 9.39542
-18.5181 9.36176
-18.5351 9.32807
-18.552 9.29434
-18.5689 9.26059
-18.5857 9.22681
-18.6025 9.19299
-18.6191 9.15914
-18.6358 9.12527
-18.6523 9.09136
-18.6688 9.05743
-18.7212 8.94867
-18.7375 8.91461
-18.7536 8.88052
-18.7698 8.8464
-18.7858 8.81225
-18.8018 8.77807
-18.8177 8.74387
-18.8336 8.70963
-18.8494 8.67536
-18.8652 8.64107
-18.8808 8.60675
-18.8965 8.5724
-18.912 8.53802
-18.9275 8.50361
-18.943 8.46917
-18.9583 8.43471
-18.9736 8.40022
-18.9889 8.3657
-19.0041 8.33115
-19.0192 8.29658
-19.0342 8.26198
-19.0492 8.22735
-19.0642 8.19269
-19.079 8.15801
-19.0938 8.1233
-19.1086 8.08856
-19.1233 8.0538
-19.1379 8.01901
-19.1524 7.98419
-19.1669 7.94934
-19.1813 7.91447
-19.1957 7.87958
-19.21 7.84466
-19.2242 7.80971
-19.2384 7.77473
-19.2525 7.73973
-19.2666 7.70471
-19.2805 7.66966
-19.2944 7.63458
-19.3083 7.59948
-19.3221 7.56435
-19.3358 7.5292
-19.3495 7.49403
-19.3631 7.45883
-19.3336 7.43026
-19.3071 7.39392
-19.2806 7.35758
-19.2541 7.32122
-19.2276 7.28486
-19.201 7.24848
-19.1743 7.2121
-19.1477 7.1757
-19.121 7.1393
-19.0943 7.10288
-19.0676 7.06645
-19.0409 7.03001
-19.0141 6.99356
-18.9873 6.9571
-18.9604 6.92063
-18.9335 6.88415
-18.9066 6.84766
-18.8797 6.81116
-18.8527 6.77465
-18.8258 6.73812
-18.7987 6.70159
-18.7717 6.66504
-18.7446 6.62849
-18.7175 6.59192
-18.6903 6.55534
-18.6632 6.51875
-18.636 6.48215
-18.6087 6.44554
-18.5815 6.40892
-18.5542 6.37229
-18.5268 6.33564
-18.4995 6.29899
-18.4721 6.26232
-18.4446 6.22565
-18.4172 6.18896
-18.3897 6.15226
-18.3622 6.11555
-18.3346 6.07883
-18.307 6.0421
-18.2794 6.00535
-18.2517 5.9686
-18.224 5.93183
-18.1963 5.89505
-18.1685 5.85827
-18.1407 5.82147
-18.1129 5.78466
-18.085 5.74783
-18.0571 5.711
-18.0291 5.67415
-18.0012 5.6373
-17.9731 5.60043
-17.9451 5.56355
-17.917 5.52666
-17.917 5.52666
-17.961 5.512
-18.0049 5.49734
-18.0489 5.48266
-18.0927 5.46797
-18.1366 5.45327
-18.1804 5.43855
-18.2242 5.42383
-18.2679 5.4091
-18.3116 5.39435
-18.3553 5.3796
-18.3989 5.36484
-18.4425 5.35006
-18.4861 5.33528
-18.5296 5.32048
-18.5731 5.30568
-18.6165 5.29086
-18.66 5.27604
-18.7033 5.26121
-18.7467 5.24636
-18.79 5.23151
-18.8333 5.21665
-18.8766 5.20178
-18.9198 5.1869
-18.963 5.17201
-19.0062 5.15712
-19.0493 5.14221
-19.0924 5.12729
-19.1354 5.11237
-19.1785 5.09744
-19.2215 5.0825
-19.2644 5.06755
-19.3074 5.05259
-19.3503 5.03763
-19.3932 5.02266
-19.436 5.00767
-19.4788 4.99269
-19.5216 4.97769
-19.5644 4.96268
-19.6071 4.94767
-19.6498 4.93265
-19.6924 4.91763
-19.7351 4.90259
-19.7777 4.88755
-19.8202 4.8725
-19.8628 4.85744
-19.9053 4.84238
-19.9478 4.82731
-19.9903 4.81223
-20.0327 4.79715
-20.0751 4.78206
-20.1175 4.76696
-20.1598 4.75185
-20.2002 4.74483
-20.2088 4.70809
-20.2173 4.67133
-20.2258 4.63456
-20.2342 4.59777
-20.2425 4.56096
-20.2508 4.52414
-20.259 4.4873
-20.2671 4.45045
-20.2752 4.41359
-20.2832 4.37671
-20.2911 4.33982
-20.299 4.30291
-20.3067 4.26598
-20.3145 4.22905
-20.3221 4.1921
-20.3297 4.15513
-20.3372 4.11815
-20.3447 4.08116
-20.3521 4.04416
-20.3594 4.00714
-20.3667 3.97011
-20.3738 3.93306
-20.381 3.896
-20.388 3.85893
-20.395 3.82185
-20.4019 3.78475
-20.4088 3.74764
-20.4155 3.71052
-20.4223 3.67339
-20.4289 3.63624
-20.4355 3.59908
-20.442 3.56191
-20.4484 3.52473
-20.4548 3.48754
-20.4611 3.45033
-20.4674 3.41312
-20.4735 3.37589
-20.4796 3.33865
-20.4857 3.3014
-20.4917 3.26414
-20.4976 3.22687
-20.5034 3.18959
-20.5092 3.15229
-20.5271 3.03293
-20.5326 2.9956
-20.538 2.95825
-20.5434 2.9209
-20.5487 2.88353
-20.5539 2.84616
-20.559 2.80877
-20.5641 2.77138
-20.5691 2.73398
-20.574 2.69657
-20.5789 2.65915
-20.5837 2.62172
-20.5884 2.58428
-20.5931 2.54683
-20.5977 2.50938
-20.6022 2.47192
-20.6067 2.43444
-20.6111 2.39697
-20.6154 2.35948
-20.6197 2.32198
-20.6239 2.28448
-20.628 2.24697
-20.632 2.20945
-20.636 2.17193
-20.6399 2.1344
-20.6438 2.09686
-20.6476 2.05931
-20.6513 2.02176
-20.6549 1.9842
-20.6585 1.94663
-20.662 1.90906
-20.6654 1.87148
-20.6688 1.8339
-20.6721 1.7963
-20.6753 1.75871
-20.6785 1.7211
-20.6816 1.6835
-20.6846 1.64588
-20.6876 1.60826
-20.6905 1.57064
-20.6933 1.53301
-20.696 1.49537
-20.6987 1.45773
-20.7013 1.42009
-20.6648 1.40146
-20.6288 1.37455
-20.5927 1.34763
-20.5567 1.32071
-20.5206 1.29379
-20.4844 1.26687
-20.4483 1.23995
-20.4121 1.21302
-20.3759 1.18609
-20.3396 1.15916
-20.3034 1.13223
-20.2671 1.1053
-20.2307 1.07836
-20.1943 1.05143
-20.1579 1.02449
-20.1215 0.99755
-20.0851 0.970609
-20.0486 0.943667
-20.012 0.916722
-19.9755 0.889777
-19.9389 0.86283
-19.9023 0.835882
-19.8656 0.808932
-19.8289 0.781981
-19.7922 0.755029
-19.7555 0.728075
-19.7187 0.70112
-19.6819 0.674164
-19.645 0.647207
-19.6081 0.620249
-19.5712 0.59329
-19.5342 0.566329
-19.4973 0.539368
-19.4602 0.512406
-19.4232 0.485443
-19.3861 0.458479
-19.349 0.431514
-19.3118 0.404548
-19.2746 0.377582
-19.2374 0.350615
-19.2001 0.323647
-19.1628 0.296678
-19.1255 0.26971
-19.0881 0.24274
-19.0507 0.21577
-19.0132 0.1888
-18.9757 0.161829
-18.9382 0.134858
-18.9006 0.107887
-18.863 0.0809153
-18.8254 0.0539436
-18.7877 0.0269718
-18.75 -3.10862e-15
-18.75 7.70105e-15
-18.7877 -0.0269718
-18.8254 -0.0539436
-18.863 -0.0809153
-18.9006 -0.107887
-18.9382 -0.134858
-18.9757 -0.161829
-19.0132 -0.1888
-19.0507 -0.21577
-19.0881 -0.24274
-19.1255 -0.26971
-19.1628 -0.296678
-19.2001 -0.323647
-19.2374 -0.350615
-19.2746 -0.377582
-19.3118 -0.404548
-19.349 -0.431514
-19.3861 -0.458479
-19.4232 -0.485443
-19.4602 -0.512406
-19.4973 -0.539368
-19.5342 -0.566329
-19.5712 -0.59329
-19.6081 -0.620249
-19.645 -0.647207
-19.6819 -0.674164
-19.7187 -0.70112
-19.7555 -0.728075
-19.7922 -0.755029
-19.8289 -0.781981
-19.8656 -0.808932
-19.9023 -0.835882
-19.9389 -0.86283
-19.9755 -0.889777
-20.012 -0.916722
-20.0486 -0.943667
-20.0851 -0.970609
-20.1215 -0.99755
-20.1579 -1.02449
-20.1943 -1.05143
-20.2307 -1.07836
-20.2671 -1.1053
-20.3034 -1.13223
-20.3396 -1.15916
-20.3759 -1.18609
-20.4121 -1.21302
-20.4483 -1.23995
-20.4844 -1.26687
-20.5206 -1.29379
-20.5567 -1.32071
-20.5927 -1.34763
-20.6288 -1.37455
-20.6648 -1.40146
-20.7013 -1.42009
-20.6987 -1.45773
-20.696 -1.49537
-20.6933 -1.53301
-20.6905 -1.57064
-20.6876 -1.60826
-20.6846 -1.64588
-20.6816 -1.6835
-20.6785 -1.7211
-20.6753 -1.75871
-20.6721 -1.7963
-20.6688 -1.8339
-20.6654 -1.87148
-20.662 -1.90906
-20.6585 -1.94663
-20.6549 -1.9842
-20.6513 -2.02176
-20.6476 -2.05931
-20.6438 -2.09686
-20.6399 -2.1344
-20.636 -2.17193
-20.632 -2.20945
-20.628 -2.24697
-20.6239 -2.28448
-20.6197 -2.32198
-20.6154 -2.35948
-20.6111 -2.39697
-20.6067 -2.43444
-20.6022 -2.47192
-20.5977 -2.50938
-20.5931 -2.54683
-20.5884 -2.58428
-20.5837 -2.62172
-20.5789 -2.65915
-20.574 -2.69657
-20.5691 -2.73398
-20.5641 -2.77138
-20.559 -2.80877
-20.5539 -2.84616
-20.5487 -2.88353
-20.5434 -2.9209
-20.538 -2.95825
-20.5326 -2.9956
-20.5271 -3.03293
-20.5092 -3.15229
-20.5034 -3.18959
-20.4976 -3.22687
-20.4917 -3.26414
-20.4857 -3.3014
-20.4796 -3.33865
-20.4735 -3.37589
-20.4674 -3.41312
-20.4611 -3.45033
-20.4548 -3.48754
-20.4484 -3.52473
-20.442 -3.56191
-20.4355 -3.59908
-20.4289 -3.63624
-20.4223 -3.67339
-20.4155 -3.71052
-20.4088 -3.74764
-20.4019 -3.78475
-20.395 -3.82185
-20.388 -3.85893
-20.381 -3.896
-20.3738 -3.93306
-20.3667 -3.97011
-20.3594 -4.00714
-20.3521 -4.04416
-20.3447 -4.08116
-20.3372 -4.11815
-20.3297 -4.15513
-20.3221 -4.1921
-20.3145 -4.22905
-20.3067 -4.26598
-20.299 -4.30291
-20.2911 -4.33982
-20.2832 -4.37671
-20.2752 -4.41359
-20.2671 -4.45045
-20.259 -4.4873
-20.2508 -4.52414
-20.2425 -4.56096
-20.2342 -4.59777
-20.2258 -4.63456
-20.2173 -4.67133
-20.2088 -4.70809
-20.2002 -4.74483
-20.1598 -4.75185
-20.1175 -4.76696
-20.0751 -4.78206
-20.0327 -4.79715
-19.9903 -4.81223
-19.9478 -4.82731
-19.9053 -4.84238
-19.8628 -4.85744
-19.8202 -4.8725
-19.7777 -4.88755
-19.7351 -4.90259
-19.6924 -4.91763
-19.6498 -4.93265
-19.6071 -4.94767
-19.5644 -4.96268
-19.5216 -4.97769
-19.4788 -4.99269
-19.436 -5.00767
-19.3932 -5.02266
-19.3503 -5.03763
-19.3074 -5.05259
-19.2644 -5.06755
-19.2215 -5.0825
-19.1785 -5.09744
-19.1354 -5.11237
-19.0924 -5.12729
-19.0493 -5.14221
-19.0062 -5.15712
-18.963 -5.17201
-18.9198 -5.1869
-18.8766 -5.20178
-18.8333 -5.21665
-18.79 -5.23151
-18.7467 -5.24636
-18.7033 -5.26121
-18.66 -5.27604
-18.6165 -5.29086
-18.5731 -5.30568
-18.5296 -5.32048
-18.4861 -5.33528
-18.4425 -5.35006
-18.3989 -5.36484
-18.3553 -5.3796
-18.3116 -5.39435
-18.2679 -5.4091
-18.2242 -5.42383
-18.1804 -5.43855
-18.1366 -5.45327
-18.0927 -5.46797
-18.0489 -5.48266
-18.0049 -5.49734
-17.961 -5.512
-17.917 -5.52666
-17.917 -5.52666
-17.9451 -5.56355
-17.9731 -5.60043
-18.0012 -5.6373
-18.0291 -5.67415
-18.0571 -5.711
-18.085 -5.74783
-18.1129 -5.78466
-18.1407 -5.82147
-18.1685 -5.85827
-18.1963 -5.89505
-18.224 -5.93183
-18.2517 -5.9686
-18.2794 -6.00535
-18.307 -6.0421
-18.3346 -6.07883
-18.3622 -6.11555
-18.3897 -6.15226
-18.4172 -6.18896
-18.4446 -6.22565
-18.4721 -6.26232
-18.4995 -6.29899
-18.5268 -6.33564
-18.5542 -6.37229
-18.5815 -6.40892
-18.6087 -6.44554
-18.636 -6.48215
-18.6632 -6.51875
-18.6903 -6.55534
-18.7175 -6.59192
-18.7446 -6.62849
-18.7717 -6.66504
-18.7987 -6.70159
-18.8258 -6.73812
-18.8527 -6.77465
-18.8797 -6.81116
-18.9066 -6.84766
-18.9335 -6.88415
-18.9604 -6.92063
-18.9873 -6.9571
-19.0141 -6.99356
-19.0409 -7.03001
-19.0676 -7.06645
-19.0943 -7.10288
-19.121 -7.1393
-19.1477 -7.1757
-19.1743 -7.2121
-19.201 -7.24848
-19.2276 -7.28486
-19.2541 -7.32122
-19.2806 -7.35758
-19.3071 -7.39392
-19.3336 -7.43026
-19.3631 -7.45883
-19.3495 -7.49403
-19.3358 -7.5292
-19.3221 -7.56435
-19.3083 -7.59948
-19.2944 -7.63458
-19.2805 -7.66966
-19.2666 -7.70471
-19.2525 -7.73973
-19.2384 -7.77473
-19.2242 -7.80971
-19.21 -7.84466
-19.1957 -7.87958
-19.1813 -7.91447
-19.1669 -7.94934
-19.1524 -7.98419
-19.1379 -8.01901
-19.1233 -8.0538
-19.1086 -8.08856
-19.0938 -8.1233
-19.079 -8.15801
-19.0642 -8.19269
-19.0492 -8.22735
-19.0342 -8.26198
-19.0192 -8.29658
-19.0041 -8.33115
-18.9889 -8.3657
-18.9736 -8.40022
-18.9583 -8.43471
-18.943 -8.46917
-18.9275 -8.50361
-18.912 -8.53802
-18.8965 -8.5724
-18.8808 -8.60675
-18.8652 -8.64107
-18.8494 -8.67536
-18.8336 -8.70963
-18.8177 -8.74387
-18.8018 -8.77807
-18.7858 -8.81225
-18.7698 -8.8464
-18.7536 -8.88052
-18.7375 -8.91461
-18.7212 -8.94867
-18.6688 -9.05743
-18.6523 -9.09136
-18.6358 -9.12527
-18.6191 -9.15914
-18.6025 -9.19299
-18.5857 -9.22681
-18.5689 -9.26059
-18.552 -9.29434
-18.5351 -9.32807
-18.5181 -9.36176
-18.501 -9.39542
-18.4839 -9.42905
-18.4667 -9.46265
-18.4495 -9.49622
-18.4322 -9.52975
-18.4148 -9.56326
-18.3974 -9.59673
-18.3799 -9.63017
-18.3624 -9.66358
-18.3448 -9.69696
-18.3271 -9.73031
-18.3094 -9.76362
-18.2916 -9.7969
-18.2738 -9.83015
-18.2559 -9.86337
-18.2379 -9.89655
-18.2199 -9.9297
-18.2018 -9.96282
-18.1836 -9.99591
-18.1654 -10.029
-18.1472 -10.062
-18.1288 -10.095
-18.1104 -10.1279
-18.092 -10.1608
-18.0735 -10.1937
-18.0549 -10.2266
-18.0363 -10.2594
-18.0176 -10.2922
-17.9988 -10.3249
-17.98 -10.3576
-17.9612 -10.3903
-17.9422 -10.423
-17.9233 -10.4556
-17.9042 -10.4882
-17.8635 -10.4829
-17.8186 -10.4849
-17.7737 -10.4868
-17.7287 -10.4888
-17.6837 -10.4907
-17.6387 -10.4926
-17.5937 -10.4944
-17.5486 -10.4963
-17.5035 -10.4981
-17.4584 -10.5
-17.4132 -10.5018
-17.3681 -10.5036
-17.3229 -10.5054
-17.2776 -10.5071
-17.2324 -10.5089
-17.1871 -10.5106
-17.1418 -10.5124
-17.0965 -10.5141
-17.0511 -10.5157
-17.0057 -10.5174
-16.9603 -10.5191
-16.9149 -10.5207
-16.8694 -10.5223
-16.8239 -10.5239
-16.7784 -10.5255
-16.7329 -10.5271
-16.6873 -10.5286
-16.6417 -10.5302
-16.596 -10.5317
-16.5504 -10.5332
-16.5047 -10.5346
-16.459 -10.5361
-16.4132 -10.5375
-16.3675 -10.539
-16.3216 -10.5404
-16.2758 -10.5418
-16.2299 -10.5431
-16.184 -10.5445
-16.1381 -10.5458
-16.0922 -10.5471
-16.0462 -10.5484
-16.0002 -10.5497
-15.9541 -10.5509
-15.9081 -10.5521
-15.8619 -10.5533
-15.8158 -10.5545
-15.7696 -10.5557
-15.7234 -10.5568
-15.6772 -10.558
-15.631 -10.5591
-15.5847 -10.5602
-15.5383 -10.5612
-15.492 -10.5623
-15.492 -10.5623
-15.5079 -10.6058
-15.5239 -10.6493
-15.5398 -10.6928
-15.5557 -10.7362
-15.5715 -10.7797
-15.5873 -10.8231
-15.6031 -10.8665
-15.6189 -10.9099
-15.6346 -10.9533
-15.6503 -10.9966
-15.6659 -11.0399
-15.6816 -11.0832
-15.6972 -11.1265
-15.7127 -11.1697
-15.7283 -11.213
-15.7438 -11.2562
-15.7593 -11.2994
-15.7747 -11.3426
-15.7902 -11.3857
-15.8056 -11.4288
-15.8209 -11.472
-15.8363 -11.515
-15.8516 -11.5581
-15.8669 -11.6012
-15.8821 -11.6442
-15.8974 -11.6872
-15.9126 -11.7302
-15.9278 -11.7732
-15.9429 -11.8161
-15.9581 -11.8591
-15.9732 -11.902
-15.9882 -11.9449
-16.0033 -11.9878
-16.0183 -12.0306
-16.0333 -12.0734
-16.0483 -12.1163
-16.0632 -12.1591
-16.0782 -12.2018
-16.0931 -12.2446
-16.1079 -12.2874
-16.1228 -12.3301
-16.1376 -12.3728
-16.1524 -12.4155
-16.1672 -12.4581
-16.182 -12.5008
-16.1967 -12.5434
-16.2114 -12.586
-16.2261 -12.6286
-16.2407 -12.6712
-16.2554 -12.7138
-16.27 -12.7563
-16.2846 -12.7988
-16.3043 -12.8348
-16.2809 -12.8644
-16.2575 -12.894
-16.234 -12.9236
-16.2105 -12.9531
-16.1869 -12.9825
-16.1633 -13.012
-16.1396 -13.0413
-16.1158 -13.0707
-16.092 -13.0999
-16.0682 -13.1292
-16.0443 -13.1584
-16.0203 -13.1875
-15.9963 -13.2167
-15.9723 -13.2457
-15.9482 -13.2747
-15.924 -13.3037
-15.8998 -13.3327
-15.8755 -13.3616
-15.8512 -13.3904
-15.8268 -13.4192
-15.8024 -13.448
-15.7779 -13.4767
-15.7533 -13.5054
-15.7288 -13.534
-15.7041 -13.5626
-15.6794 -13.5911
-15.6547 -13.6196
-15.6299 -13.648
-15.605 -13.6764
-15.5801 -13.7048
-15.5552 -13.7331
-15.5302 -13.7614
-15.5051 -13.7896
-15.48 -13.8178
-15.4549 -13.8459
-15.4297 -13.874
-15.4044 -13.902
-15.3791 -13.93
-15.3538 -13.958
-15.3283 -13.9859
-15.3029 -14.0137
-15.2774 -14.0415
-15.2518 -14.0693
-15.1697 -14.1578
-15.1439 -14.1853
-15.1181 -14.2128
-15.0922 -14.2403
-15.0663 -14.2677
-15.0403 -14.2951
-15.0143 -14.3224
-14.9883 -14.3497
-14.9621 -14.377
-14.936 -14.4041
-14.9097 -14.4313
-14.8835 -14.4584
-14.8572 -14.4854
-14.8308 -14.5124
-14.8044 -14.5394
-14.7779 -14.5663
-14.7514 -14.5931
-14.7248 -14.6199
-14.6982 -14.6467
-14.6716 -14.6734
-14.6448 -14.7
-14.6181 -14.7266
-14.5913 -14.7532
-14.5644 -14.7797
-14.5375 -14.8062
-14.5106 -14.8326
-14.4836 -14.859
-14.4565 -14.8853
-14.4294 -14.9115
-14.4023 -14.9378
-14.3751 -14.9639
-14.3479 -14.99
-14.3206 -15.0161
-14.2933 -15.0421
-14.2659 -15.0681
-14.2384 -15.094
-14.211 -15.1199
-14.1835 -15.1457
-14.1559 -15.1715
-14.1283 -15.1972
-14.1006 -15.2229
-14.0729 -15.2485
-14.0451 -15.274
-14.0173 -15.2996
-13.98 -15.2826
-13.9365 -15.2712
-13.893 -15.2598
-13.8495 -15.2484
-13.8059 -15.237
-13.7623 -15.2255
-13.7187 -15.214
-13.6751 -15.2025
-13.6315 -15.191
-13.5878 -15.1794
-13.5442 -15.1679
-13.5005 -15.1563
-13.4567 -15.1447
-13.413 -15.133
-13.3693 -15.1214
-13.3255 -15.1097
-13.2817 -15.098
-13.2379 -15.0862
-13.194 -15.0745
-13.1502 -15.0627
-13.1063 -15.0509
-13.0624 -15.0391
-13.0185 -15.0272
-12.9745 -15.0153
-12.9305 -15.0034
-12.8866 -14.9915
-12.8425 -14.9795
-12.7985 -14.9676
-12.7545 -14.9556
-12.7104 -14.9435
-12.6663 -14.9315
-12.6222 -14.9194
-12.578 -14.9073
-12.5339 -14.8951
-12.4897 -14.883
-12.4455 -14.8708
-12.4013 -14.8586
-12.357 -14.8463
-12.3127 -14.8341
-12.2684 -14.8218
-12.2241 -14.8095
-12.1798 -14.7971
-12.1354 -14.7847
-12.091 -14.7723
-12.0466 -14.7599
-12.0022 -14.7474
-11.9577 -14.7349
-11.9132 -14.7224
-11.8687 -14.7098
-11.8242 -14.6973
-11.7796 -14.6847
-11.735 -14.672
-11.6904 -14.6593
-11.6904 -14.6593
-11.6929 -14.7056
-11.6953 -14.7519
-11.6976 -14.7982
-11.7 -14.8444
-11.7023 -14.8906
-11.7046 -14.9367
-11.7069 -14.9828
-11.7092 -15.0289
-11.7114 -15.075
-11.7137 -15.121
-11.7159 -15.1671
-11.718 -15.213
-11.7202 -15.259
-11.7223 -15.3049
-11.7244 -15.3508
-11.7265 -15.3967
-11.7286 -15.4425
-11.7306 -15.4883
-11.7326 -15.5341
-11.7346 -15.5799
-11.7366 -15.6256
-11.7386 -15.6713
-11.7405 -15.717
-11.7425 -15.7626
-11.7444 -15.8082
-11.7462 -15.8538
-11.7481 -15.8994
-11.7499 -15.9449
-11.7518 -15.9904
-11.7536 -16.0359
-11.7553 -16.0814
-11.7571 -16.1268
-11.7588 -16.1722
-11.7606 -16.2176
-11.7623 -16.263
-11.764 -16.3083
-11.7656 -16.3536
-11.7673 -16.3989
-11.7689 -16.4441
-11.7705 -16.4894
-11.7721 -16.5346
-11.7737 -16.5797
-11.7753 -16.6249
-11.7768 -16.67
-11.7784 -16.7151
-11.7799 -16.7602
-11.7814 -16.8053
-11.7828 -16.8503
-11.7843 -16.8953
-11.7857 -16.9403
-11.7872 -16.9853
-11.7886 -17.0302
-11.7968 -17.0704
-11.7657 -17.0918
-11.7346 -17.1132
-11.7035 -17.1345
-11.6723 -17.1557
-11.6411 -17.1769
-11.6098 -17.1981
-11.5786 -17.2192
-11.5472 -17.2402
-11.5158 -17.2612
-11.4844 -17.2821
-11.453 -17.3029
-11.4215 -17.3237
-11.39 -17.3445
-11.3584 -17.3652
-11.3268 -17.3858
-11.2952 -17.4064
-11.2635 -17.4269
-11.2318 -17.4473
-11.2001 -17.4677
-11.1683 -17.4881
-11.1364 -17.5083
-11.1046 -17.5286
-11.0727 -17.5487
-11.0408 -17.5688
-11.0088 -17.5889
-10.9768 -17.6089
-10.9447 -17.6288
-10.9127 -17.6487
-10.8805 -17.6685
-10.8484 -17.6883
-10.8162 -17.708
-10.784 -17.7276
-10.7517 -17.7472
-10.7194 -17.7667
-10.6871 -17.7862
-10.6547 -17.8056
-10.6224 -17.8249
-10.5899 -17.8442
-10.5574 -17.8634
-10.5249 -17.8826
-10.4924 -17.9017
-10.4598 -17.9208
-10.4272 -17.9398
-10.3227 -18.0001
-10.2899 -18.0189
-10.2571 -18.0376
-10.2243 -18.0562
-10.1915 -18.0747
-10.1586 -18.0932
-10.1257 -18.1117
-10.0927 -18.1301
-10.0597 -18.1484
-10.0267 -18.1667
-9.99365 -18.1849
-9.96056 -18.203
-9.92744 -18.2211
-9.89429 -18.2391
-9.8611 -18.2571
-9.82788 -18.275
-9.79463 -18.2928
-9.76135 -18.3106
-9.72803 -18.3283
-9.69469 -18.346
-9.66131 -18.3636
-9.62789 -18.3811
-9.59445 -18.3986
-9.56097 -18.416
-9.52747 -18.4334
-9.49393 -18.4507
-9.46036 -18.4679
-9.42676 -18.4851
-9.39313 -18.5022
-9.35946 -18.5193
-9.32577 -18.5363
-9.29204 -18.5532
-9.25829 -18.57
-9.2245 -18.5869
-9.19068 -18.6036
-9.15683 -18.6203
-9.12296 -18.6369
-9.08905 -18.6535
-9.05511 -18.67
-9.02114 -18.6864
-8.98714 -18.7028
-8.95312 -18.7191
-8.91906 -18.7353
-8.88497 -18.7515
-8.85428 -18.7243
-8.81607 -18.7006
-8.77785 -18.6769
-8.73961 -18.6532
-8.70137 -18.6294
-8.66311 -18.6056
-8.62483 -18.5818
-8.58655 -18.5579
-8.54825 -18.534
-8.50994 -18.5101
-8.47162 -18.4862
-8.43328 -18.4623
-8.39493 -18.4383
-8.35657 -18.4143
-8.31819 -18.3902
-8.27981 -18.3661
-8.24141 -18.342
-8.203 -18.3179
-8.16457 -18.2938
-8.12613 -18.2696
-8.08768 -18.2454
-8.04921 -18.2211
-8.01074 -18.1968
-7.97225 -18.1725
-7.93374 -18.1482
-7.89522 -18.1238
-7.85669 -18.0994
-7.81815 -18.075
-7.77959 -18.0506
-7.74102 -18.0261
-7.70244 -18.0016
-7.66384 -17.977
-7.62523 -17.9524
-7.58661 -17.9278
-7.54797 -17.9032
-7.50932 -17.8785
-7.47065 -17.8538
-7.43198 -17.8291
-7.39328 -17.8043
-7.35458 -17.7795
-7.31586 -17.7546
-7.27713 -17.7298
-7.23838 -17.7048
-7.19962 -17.6799
-7.16084 -17.6549
-7.12206 -17.6299
-7.08325 -17.6049
-7.04444 -17.5798
-7.00561 -17.5547
-6.96676 -17.5295
-6.9279 -17.5044
-6.88903 -17.4791
-6.85014 -17.4539
-6.85014 -17.4539
-6.83882 -17.4988
-6.82747 -17.5438
-6.81612 -17.5887
-6.80475 -17.6335
-6.79337 -17.6783
-6.78197 -17.7231
-6.77056 -17.7679
-6.75913 -17.8126
-6.7477 -17.8573
-6.73625 -17.9019
-6.72479 -17.9465
-6.71331 -17.9911
-6.70182 -18.0357
-6.69032 -18.0802
-6.67881 -18.1246
-6.66728 -18.1691
-6.65575 -18.2135
-6.6442 -18.2579
-6.63264 -18.3022
-6.62106 -18.3465
-6.60948 -18.3908
-6.59788 -18.4351
-6.58628 -18.4793
-6.57466 -18.5235
-6.56303 -18.5676
-6.55139 -18.6117
-6.53973 -18.6558
-6.52807 -18.6999
-6.51639 -18.7439
-6.50471 -18.7879
-6.49301 -18.8319
-6.48131 -18.8758
-6.46959 -18.9197
-6.45786 -18.9636
-6.44613 -19.0074
-6.43438 -19.0513
-6.42262 -19.095
-6.41085 -19.1388
-6.39908 -19.1825
-6.38729 -19.2262
-6.37549 -19.2699
-6.36369 -19.3135
-6.35187 -19.3571
-6.34004 -19.4007
-6.32821 -19.4443
-6.31637 -19.4878
-6.30451 -19.5313
-6.29265 -19.5747
-6.28078 -19.6182
-6.2689 -19.6616
-6.25701 -19.705
-6.24511 -19.7483
-6.24113 -19.7892
-6.20513 -19.8005
-6.16911 -19.8117
-6.13307 -19.8229
-6.09701 -19.834
-6.06093 -19.8451
-6.02483 -19.8561
-5.98871 -19.867
-5.95257 -19.8779
-5.91641 -19.8887
-5.88023 -19.8994
-5.84404 -19.91
-5.80782 -19.9206
-5.77158 -19.9312
-5.73532 -19.9416
-5.69905 -19.952
-5.66276 -19.9624
-5.62644 -19.9726
-5.59011 -19.9828
-5.55376 -19.993
-5.51739 -20.003
-5.48101 -20.013
-5.4446 -20.023
-5.40818 -20.0328
-5.37174 -20.0426
-5.33528 -20.0524
-5.2988 -20.062
-5.26231 -20.0716
-5.2258 -20.0812
-5.18927 -20.0906
-5.15273 -20.1
-5.11616 -20.1094
-5.07959 -20.1187
-5.04299 -20.1279
-5.00638 -20.137
-4.96975 -20.1461
-4.9331 -20.1551
-4.89644 -20.164
-4.85976 -20.1729
-4.82307 -20.1817
-4.78636 -20.1904
-4.74963 -20.1991
-4.71289 -20.2077
-4.67613 -20.2162
-4.55845 -20.2431
-4.52163 -20.2514
-4.48479 -20.2595
-4.44794 -20.2677
-4.41107 -20.2757
-4.37419 -20.2837
-4.3373 -20.2916
-4.30039 -20.2995
-4.26346 -20.3073
-4.22653 -20.315
-4.18958 -20.3226
-4.15261 -20.3302
-4.11563 -20.3378
-4.07864 -20.3452
-4.04163 -20.3526
-4.00461 -20.3599
-3.96758 -20.3672
-3.93053 -20.3743
-3.89347 -20.3814
-3.8564 -20.3885
-3.81932 -20.3955
-3.78222 -20.4024
-3.74511 -20.4092
-3.70799 -20.416
-3.67085 -20.4227
-3.63371 -20.4294
-3.59655 -20.4359
-3.55938 -20.4424
-3.52219 -20.4489
-3.485 -20.4553
-3.44779 -20.4616
-3.41058 -20.4678
-3.37335 -20.474
-3.33611 -20.4801
-3.29886 -20.4861
-3.2616 -20.4921
-3.22433 -20.498
-3.18704 -20.5038
-3.14975 -20.5095
-3.11245 -20.5152
-3.07513 -20.5209
-3.03781 -20.5264
-3.00047 -20.5319
-2.96313 -20.5373
-2.94183 -20.5023
-2.9123 -20.4684
-2.88276 -20.4345
-2.85322 -20.4005
-2.82368 -20.3665
-2.79413 -20.3325
-2.76458 -20.2985
-2.73503 -20.2644
-2.70547 -20.2303
-2.6759 -20.1961
-2.64634 -20.162
-2.61677 -20.1278
-2.58719 -20.0936
-2.55761 -20.0593
-2.52803 -20.025
-2.49844 -19.9907
-2.46885 -19.9564
-2.43926 -19.922
-2.40966 -19.8876
-2.38006 -19.8531
-2.35045 -19.8187
-2.32084 -19.7841
-2.29123 -19.7496
-2.26161 -19.715
-2.23199 -19.6804
-2.20237 -19.6458
-2.17274 -19.6111
-2.14311 -19.5764
-2.11347 -19.5417
-2.08383 -19.5069
-2.05419 -19.4721
-2.02454 -19.4373
-1.99489 -19.4024
-1.96524 -19.3675
-1.93558 -19.3326
-1.90592 -19.2976
-1.87626 -19.2626
-1.84659 -19.2276
-1.81692 -19.1925
-1.78724 -19.1574
-1.75757 -19.1222
-1.72789 -19.087
-1.6982 -19.0518
-1.66852 -19.0166
-1.63882 -18.9813
-1.60913 -18.9459
-1.57943 -18.9106
-1.54973 -18.8752
-1.52003 -18.8397
-1.49033 -18.8042
-1.46062 -18.7687
-1.4309 -18.7332
-1.40119 -18.6976
-1.40119 -18.6976
-1.37711 -18.7372
-1.35303 -18.7768
-1.32895 -18.8163
-1.30486 -18.8558
-1.28077 -18.8953
-1.25668 -18.9348
-1.23259 -18.9742
-1.20849 -19.0135
-1.18439 -19.0528
-1.16029 -19.0921
-1.13619 -19.1314
-1.11208 -19.1706
-1.08798 -19.2098
-1.06387 -19.2489
-1.03976 -19.288
-1.01564 -19.3271
-0.991528 -19.3661
-0.967411 -19.4051
-0.943292 -19.4441
-0.919172 -19.483
-0.89505 -19.5219
-0.870927 -19.5608
-0.846802 -19.5996
-0.822675 -19.6384
-0.798547 -19.6772
-0.774418 -19.7159
-0.750288 -19.7546
-0.726156 -19.7933
-0.702023 -19.8319
-0.677889 -19.8705
-0.653754 -19.9091
-0.629618 -19.9476
-0.60548 -19.9861
-0.581342 -20.0246
-0.557203 -20.063
-0.533063 -20.1014
-0.508922 -20.1398
-0.48478 -20.1781
-0.460638 -20.2165
-0.436495 -20.2547
-0.412351 -20.293
-0.388206 -20.3312
-0.364061 -20.3694
-0.339916 -20.4075
-0.31577 -20.4457
-0.291623 -20.4838
-0.267476 -20.5218
-0.243329 -20.5599
-0.219181 -20.5979
-0.195033 -20.6359
-0.170885 -20.6738
-0.146737 -20.7117
-0.130899 -20.7496
-0.0931635 -20.7498
-0.0554279 -20.7499
-0.0176921 -20.75
0.0200437 -20.75
0.0577795 -20.7499
0.0955151 -20.7498
0.13325 -20.7496
0.170985 -20.7493
0.208719 -20.749
0.246453 -20.7485
0.284186 -20.7481
0.321918 -20.7475
0.359648 -20.7469
0.397378 -20.7462
0.435106 -20.7454
0.472833 -20.7446
0.510558 -20.7437
0.548282 -20.7428
0.586004 -20.7417
0.623723 -20.7406
0.661441 -20.7395
0.699157 -20.7382
0.73687 -20.7369
0.774581 -20.7355
0.812289 -20.7341
0.849994 -20.7326
0.887697 -20.731
0.925397 -20.7294
0.963094 -20.7276
1.00079 -20.7259
1.03848 -20.724
1.07616 -20.7221
1.11385 -20.7201
1.15153 -20.718
1.1892 -20.7159
1.22687 -20.7137
1.26454 -20.7114
1.30221 -20.7091
1.33987 -20.7067
1.37752 -20.7042
1.41517 -20.7017
1.45282 -20.6991
1.49046 -20.6964
1.61083 -20.6874
1.64845 -20.6844
1.68606 -20.6814
1.72367 -20.6783
1.76127 -20.6751
1.79887 -20.6719
1.83646 -20.6686
1.87404 -20.6652
1.91162 -20.6618
1.9492 -20.6582
1.98676 -20.6547
2.02432 -20.651
2.06187 -20.6473
2.09942 -20.6435
2.13696 -20.6397
2.17449 -20.6357
2.21201 -20.6318
2.24953 -20.6277
2.28704 -20.6236
2.32454 -20.6194
2.36204 -20.6151
2.39952 -20.6108
2.437 -20.6064
2.47447 -20.6019
2.51194 -20.5974
2.54939 -20.5928
2.58684 -20.5881
2.62427 -20.5834
2.6617 -20.5786
2.69912 -20.5737
2.73653 -20.5688
2.77393 -20.5637
2.81133 -20.5587
2.84871 -20.5535
2.88608 -20.5483
2.92345 -20.543
2.9608 -20.5377
2.99815 -20.5323
3.03548 -20.5268
3.07281 -20.5212
3.11012 -20.5156
3.14742 -20.5099
3.18472 -20.5041
3.222 -20.4983
3.23202 -20.4585
3.25025 -20.4174
3.26847 -20.3763
3.28669 -20.3352
3.3049 -20.294
3.32311 -20.2528
3.34131 -20.2115
3.35951 -20.1703
3.37771 -20.1289
3.39589 -20.0876
3.41408 -20.0463
3.43226 -20.0049
3.45043 -19.9634
3.4686 -19.922
3.48676 -19.8805
3.50492 -19.839
3.52307 -19.7975
3.54122 -19.7559
3.55936 -19.7143
3.57749 -19.6726
3.59562 -19.631
3.61375 -19.5893
3.63186 -19.5475
3.64998 -19.5058
3.66808 -19.464
3.68618 -19.4222
3.70428 -19.3803
3.72236 -19.3384
3.74044 -19.2965
3.75852 -19.2545
3.77659 -19.2125
3.79465 -19.1705
3.8127 -19.1284
3.83075 -19.0863
3.84879 -19.0442
3.86683 -19.0021
3.88485 -18.9599
3.90287 -18.9176
3.92089 -18.8754
3.93889 -18.8331
3.95689 -18.7907
3.97488 -18.7484
3.99287 -18.706
4.01084 -18.6635
4.02881 -18.621
4.04677 -18.5785
4.06472 -18.536
4.08267 -18.4934
4.10061 -18.4508
4.11853 -18.4081
4.13645 -18.3654
4.15436 -18.3227
4.17227 -18.2799
4.17227 -18.2799
4.20696 -18.3107
4.24164 -18.3414
4.27631 -18.3721
4.31097 -18.4028
4.34562 -18.4334
4.38027 -18.464
4.4149 -18.4945
4.44953 -18.525
4.48415 -18.5555
4.51876 -18.5859
4.55336 -18.6163
4.58796 -18.6467
4.62254 -18.677
4.65712 -18.7073
4.69169 -18.7376
4.72624 -18.7678
4.76079 -18.798
4.79534 -18.8282
4.82987 -18.8583
4.86439 -18.8884
4.89891 -18.9185
4.93342 -18.9485
4.96791 -18.9785
5.0024 -19.0084
5.03689 -19.0384
5.07136 -19.0683
5.10582 -19.0981
5.14028 -19.128
5.17473 -19.1578
5.20916 -19.1875
5.2436 -19.2173
5.27802 -19.247
5.31243 -19.2767
5.34683 -19.3063
5.38123 -19.3359
5.41562 -19.3655
5.45 -19.3951
5.48437 -19.4246
5.51873 -19.4541
5.55308 -19.4835
5.58743 -19.513
5.62177 -19.5424
5.6561 -19.5717
5.69042 -19.6011
5.72473 -19.6304
5.75903 -19.6597
5.79333 -19.689
5.82761 -19.7182
5.86189 -19.7474
5.89616 -19.7766
5.93042 -19.8057
5.96468 -19.8348
5.99096 -19.8663
6.02708 -19.8554
6.06318 -19.8444
6.09926 -19.8333
6.13532 -19.8222
6.17136 -19.811
6.20738 -19.7998
6.24337 -19.7885
6.27935 -19.7771
6.31531 -19.7656
6.35124 -19.7541
6.38716 -19.7425
6.42305 -19.7309
6.45892 -19.7191
6.49477 -19.7074
6.5306 -19.6955
6.56641 -19.6836
6.60219 -19.6716
6.63796 -19.6596
6.6737 -19.6475
6.70942 -19.6353
6.74512 -19.6231
6.78079 -19.6108
6.81644 -19.5984
6.85208 -19.586
6.88768 -19.5735
6.92327 -19.561
6.95883 -19.5483
6.99437 -19.5356
7.02988 -19.5229
7.06538 -19.5101
7.10085 -19.4972
7.13629 -19.4842
7.17171 -19.4712
7.20711 -19.4582
7.24249 -19.445
7.27784 -19.4318
7.31316 -19.4186
7.34847 -19.4052
7.38374 -19.3918
7.419 -19.3784
7.45423 -19.3648
7.48943 -19.3513
7.52461 -19.3376
7.63698 -19.2935
7.67205 -19.2796
7.7071 -19.2656
7.74212 -19.2515
7.77712 -19.2374
7.81209 -19.2233
7.84704 -19.209
7.88196 -19.1947
7.91685 -19.1804
7.95172 -19.1659
7.98657 -19.1514
8.02138 -19.1369
8.05617 -19.1223
8.09093 -19.1076
8.12567 -19.0928
8.16038 -19.078
8.19506 -19.0631
8.22971 -19.0482
8.26434 -19.0332
8.29894 -19.0182
8.33351 -19.003
8.36806 -18.9878
8.40257 -18.9726
8.43706 -18.9573
8.47153 -18.9419
8.50596 -18.9265
8.54036 -18.911
8.57474 -18.8954
8.60909 -18.8798
8.64341 -18.8641
8.6777 -18.8483
8.71197 -18.8325
8.7462 -18.8167
8.78041 -18.8007
8.81458 -18.7847
8.84873 -18.7687
8.88285 -18.7525
8.91694 -18.7363
8.951 -18.7201
8.98502 -18.7038
9.01902 -18.6874
9.05299 -18.671
9.08693 -18.6545
9.12084 -18.6379
9.11869 -18.597
9.124 -18.5523
9.12929 -18.5077
9.13457 -18.463
9.13983 -18.4182
9.14508 -18.3735
9.15032 -18.3287
9.15554 -18.2839
9.16076 -18.2391
9.16595 -18.1942
9.17114 -18.1493
9.17631 -18.1044
9.18147 -18.0595
9.18661 -18.0145
9.19174 -17.9695
9.19685 -17.9245
9.20195 -17.8795
9.20704 -17.8344
9.21211 -17.7893
9.21717 -17.7442
9.22221 -17.699
9.22724 -17.6538
9.23225 -17.6086
9.23725 -17.5633
9.24223 -17.5181
9.2472 -17.4728
9.25215 -17.4274
9.25708 -17.3821
9.262 -17.3367
9.26691 -17.2913
9.2718 -17.2458
9.27667 -17.2003
9.28152 -17.1548
9.28636 -17.1093
9.29118 -17.0637
9.29599 -17.0181
9.30078 -16.9724
9.30555 -16.9268
9.31031 -16.8811
9.31504 -16.8354
9.31976 -16.7896
9.32447 -16.7438
9.32915 -16.698
9.33382 -16.6521
9.33847 -16.6062
9.3431 -16.5603
9.34771 -16.5144
9.35231 -16.4684
9.35689 -16.4224
9.36144 -16.3763
9.36598 -16.3302
9.3705 -16.2841
9.375 -16.238
9.375 -16.238
9.41722 -16.2572
9.45941 -16.2763
9.50159 -16.2954
9.54375 -16.3145
9.58589 -16.3335
9.62801 -16.3525
9.67011 -16.3715
9.71219 -16.3905
9.75426 -16.4094
9.7963 -16.4283
9.83833 -16.4471
9.88034 -16.466
9.92233 -16.4847
9.9643 -16.5035
10.0062 -16.5222
10.0482 -16.5409
10.0901 -16.5596
10.132 -16.5782
10.1739 -16.5969
10.2157 -16.6154
10.2576 -16.634
10.2994 -16.6525
10.3412 -16.671
10.383 -16.6895
10.4248 -16.7079
10.4665 -16.7263
10.5083 -16.7447
10.55 -16.763
10.5917 -16.7814
10.6334 -16.7997
10.675 -16.8179
10.7167 -16.8362
10.7583 -16.8544
10.7999 -16.8726
10.8415 -16.8907
10.8831 -16.9089
10.9247 -16.927
10.9662 -16.945
11.0077 -16.9631
11.0492 -16.9811
11.0907 -16.9991
11.1322 -17.0171
11.1737 -17.0351
11.2151 -17.053
11.2566 -17.0709
11.298 -17.0888
11.3394 -17.1066
11.3807 -17.1244
11.4221 -17.1422
11.4635 -17.16
11.5048 -17.1778
11.5461 -17.1955
11.5805 -17.2179
11.6118 -17.1968
11.6431 -17.1756
11.6743 -17.1544
11.7054 -17.1332
11.7366 -17.1118
11.7677 -17.0905
11.7987 -17.069
11.8298 -17.0476
11.8608 -17.026
11.8917 -17.0044
11.9226 -16.9828
11.9535 -16.961
11.9843 -16.9393
12.0151 -16.9175
12.0458 -16.8956
12.0765 -16.8736
12.1072 -16.8517
12.1378 -16.8296
12.1684 -16.8075
12.199 -16.7854
12.2295 -16.7631
12.2599 -16.7409
12.2903 -16.7185
12.3207 -16.6962
12.3511 -16.6737
12.3814 -16.6512
12.4116 -16.6287
12.4419 -16.6061
12.472 -16.5834
12.5022 -16.5607
12.5323 -16.538
12.5623 -16.5152
12.5923 -16.4923
12.6223 -16.4694
12.6522 -16.4464
12.6821 -16.4233
12.712 -16.4002
12.7418 -16.3771
12.7715 -16.3539
12.8013 -16.3306
12.8309 -16.3073
12.8606 -16.284
12.8902 -16.2606
12.9845 -16.1853
13.014 -16.1617
13.0433 -16.138
13.0727 -16.1142
13.1019 -16.0904
13.1312 -16.0666
13.1604 -16.0427
13.1895 -16.0187
13.2186 -15.9947
13.2477 -15.9706
13.2767 -15.9465
13.3057 -15.9223
13.3346 -15.8981
13.3635 -15.8738
13.3924 -15.8495
13.4212 -15.8251
13.4499 -15.8007
13.4786 -15.7762
13.5073 -15.7517
13.5359 -15.7271
13.5645 -15.7024
13.5931 -15.6777
13.6215 -15.653
13.65 -15.6282
13.6784 -15.6033
13.7067 -15.5784
13.735 -15.5535
13.7633 -15.5285
13.7915 -15.5034
13.8197 -15.4783
13.8478 -15.4532
13.8759 -15.428
13.9039 -15.4027
13.9319 -15.3774
13.9599 -15.352
13.9878 -15.3266
14.0156 -15.3011
14.0434 -15.2756
14.0712 -15.2501
14.0989 -15.2245
14.1265 -15.1988
14.1542 -15.1731
14.1817 -15.1473
14.2093 -15.1215
14.1951 -15.083
14.187 -15.0388
14.1789 -14.9945
14.1708 -14.9502
14.1626 -14.906
14.1545 -14.8616
14.1463 -14.8173
14.1381 -14.773
14.1298 -14.7286
14.1216 -14.6842
14.1133 -14.6398
14.105 -14.5953
14.0967 -14.5509
14.0884 -14.5064
14.08 -14.4619
14.0716 -14.4174
14.0632 -14.3728
14.0548 -14.3282
14.0463 -14.2836
14.0379 -14.239
14.0294 -14.1944
14.0208 -14.1497
14.0123 -14.105
14.0037 -14.0603
13.9952 -14.0156
13.9866 -13.9708
13.9779 -13.9261
13.9693 -13.8813
13.9606 -13.8364
13.9519 -13.7916
13.9432 -13.7467
13.9344 -13.7018
13.9256 -13.6569
13.9168 -13.6119
13.908 -13.567
13.8992 -13.522
13.8903 -13.477
13.8814 -13.4319
13.8725 -13.3868
13.8635 -13.3418
13.8545 -13.2966
13.8455 -13.2515
13.8365 -13.2063
13.8274 -13.1611
13.8184 -13.1159
13.8093 -13.0707
13.8001 -13.0254
13.791 -12.9801
13.7818 -12.9348
13.7725 -12.8894
13.7633 -12.8441
13.754 -12.7987
13.7447 -12.7532
13.7447 -12.7532
13.7907 -12.7591
13.8367 -12.765
13.8826 -12.7708
13.9285 -12.7766
13.9744 -12.7824
14.0203 -12.7881
14.0661 -12.7939
14.1119 -12.7996
14.1577 -12.8053
14.2034 -12.8109
14.2491 -12.8165
14.2948 -12.8221
14.3405 -12.8277
14.3861 -12.8333
14.4317 -12.8388
14.4773 -12.8443
14.5229 -12.8498
14.5684 -12.8553
14.6139 -12.8607
14.6594 -12.8661
14.7048 -12.8715
14.7502 -12.8769
14.7956 -12.8822
14.841 -12.8876
14.8864 -12.8929
14.9317 -12.8981
14.977 -12.9034
15.0223 -12.9086
15.0675 -12.9139
15.1127 -12.9191
15.1579 -12.9242
15.2031 -12.9294
15.2483 -12.9345
15.2934 -12.9396
15.3385 -12.9447
15.3836 -12.9498
15.4286 -12.9548
15.4736 -12.9599
15.5187 -12.9649
15.5636 -12.9699
15.6086 -12.9749
15.6535 -12.9798
15.6984 -12.9847
15.7433 -12.9897
15.7882 -12.9945
15.833 -12.9994
15.8779 -13.0043
15.9226 -13.0091
15.9674 -13.0139
16.0122 -13.0187
16.0569 -13.0235
16.1016 -13.0283
16.1411 -13.0395
16.1648 -13.0101
16.1884 -12.9807
16.212 -12.9512
16.2355 -12.9217
16.259 -12.8922
16.2824 -12.8626
16.3057 -12.833
16.3291 -12.8033
16.3523 -12.7736
16.3755 -12.7438
16.3987 -12.714
16.4218 -12.6842
16.4448 -12.6543
16.4678 -12.6244
16.4907 -12.5944
16.5136 -12.5644
16.5364 -12.5343
16.5592 -12.5042
16.5819 -12.4741
16.6046 -12.4439
16.6272 -12.4137
16.6497 -12.3834
16.6722 -12.3531
16.6946 -12.3228
16.717 -12.2924
16.7393 -12.262
16.7616 -12.2315
16.7838 -12.201
16.806 -12.1705
16.8281 -12.1399
16.8502 -12.1093
16.8721 -12.0786
16.8941 -12.0479
16.916 -12.0172
16.9378 -11.9864
16.9596 -11.9556
16.9813 -11.9247
17.0029 -11.8938
17.0245 -11.8629
17.0461 -11.8319
17.0676 -11.8009
17.089 -11.7698
17.1104 -11.7387
17.1784 -11.639
17.1995 -11.6077
17.2206 -11.5764
17.2416 -11.5451
17.2626 -11.5137
17.2835 -11.4823
17.3044 -11.4508
17.3252 -11.4194
17.3459 -11.3878
17.3666 -11.3563
17.3872 -11.3247
17.4078 -11.293
17.4283 -11.2613
17.4487 -11.2296
17.4691 -11.1979
17.4894 -11.1661
17.5097 -11.1343
17.5299 -11.1024
17.5501 -11.0705
17.5702 -11.0386
17.5903 -11.0066
17.6102 -10.9746
17.6302 -10.9426
17.65 -10.9105
17.6699 -10.8784
17.6896 -10.8462
17.7093 -10.814
17.7289 -10.7818
17.7485 -10.7495
17.768 -10.7172
17.7875 -10.6849
17.8069 -10.6525
17.8262 -10.6201
17.8455 -10.5877
17.8648 -10.5552
17.8839 -10.5227
17.903 -10.4902
17.9221 -10.4576
17.9411 -10.425
17.96 -10.3924
17.9789 -10.3597
17.9977 -10.327
18.0164 -10.2942
18.0351 -10.2614
18.0103 -10.2288
17.9895 -10.1889
17.9687 -10.149
17.9479 -10.1091
17.927 -10.0692
17.9062 -10.0293
17.8853 -9.98933
17.8644 -9.94937
17.8434 -9.9094
17.8224 -9.86941
17.8014 -9.8294
17.7804 -9.78938
17.7594 -9.74935
17.7383 -9.7093
17.7172 -9.66924
17.696 -9.62916
17.6749 -9.58907
17.6537 -9.54896
17.6325 -9.50883
17.6112 -9.4687
17.5899 -9.42854
17.5686 -9.38837
17.5473 -9.34819
17.526 -9.30799
17.5046 -9.26777
17.4832 -9.22754
17.4617 -9.1873
17.4402 -9.14704
17.4187 -9.10676
17.3972 -9.06647
17.3756 -9.02616
17.354 -8.98584
17.3324 -8.9455
17.3107 -8.90514
17.2891 -8.86477
17.2673 -8.82438
17.2456 -8.78398
17.2238 -8.74356
17.202 -8.70313
17.1801 -8.66268
17.1583 -8.62221
17.1364 -8.58172
17.1144 -8.54122
17.0924 -8.50071
17.0704 -8.46018
17.0484 -8.41963
17.0263 -8.37906
17.0042 -8.33848
16.9821 -8.29788
16.9599 -8.25727
16.9377 -8.21663
16.9154 -8.17599
16.8932 -8.13532
16.8932 -8.13532
16.9389 -8.12738
16.9845 -8.11943
17.0301 -8.11146
17.0757 -8.10348
17.1212 -8.09547
17.1668 -8.08746
17.2122 -8.07942
17.2577 -8.07137
17.3031 -8.06331
17.3485 -8.05522
17.3938 -8.04713
17.4391 -8.03902
17.4844 -8.03089
17.5296 -8.02275
17.5749 -8.01459
17.62 -8.00642
17.6652 -7.99823
17.7103 -7.99003
17.7554 -7.98182
17.8004 -7.97359
17.8455 -7.96535
17.8905 -7.95709
17.9354 -7.94882
17.9803 -7.94053
18.0252 -7.93224
18.0701 -7.92392
18.115 -7.9156
18.1598 -7.90726
18.2045 -7.89891
18.2493 -7.89054
18.294 -7.88217
18.3387 -7.87378
18.3833 -7.86537
18.428 -7.85696
18.4726 -7.84853
18.5171 -7.84009
18.5617 -7.83164
18.6062 -7.82317
18.6507 -7.81469
18.6951 -7.80621
18.7396 -7.7977
18.784 -7.78919
18.8283 -7.78067
18.8727 -7.77213
18.917 -7.76359
18.9613 -7.75503
19.0055 -7.74646
19.0498 -7.73788
19.094 -7.72928
19.1381 -7.72068
19.1823 -7.71207
19.2264 -7.70344
19.2674 -7.70253
19.2814 -7.66747
19.2953 -7.6324
19.3092 -7.59729
19.3229 -7.56216
19.3367 -7.52701
19.3503 -7.49183
19.3639 -7.45663
19.3774 -7.4214
19.3909 -7.38615
19.4043 -7.35087
19.4176 -7.31557
19.4309 -7.28025
19.4441 -7.2449
19.4573 -7.20953
19.4703 -7.17413
19.4834 -7.13871
19.4963 -7.10327
19.5092 -7.0678
19.522 -7.03231
19.5348 -6.99679
19.5475 -6.96126
19.5601 -6.9257
19.5727 -6.89011
19.5852 -6.85451
19.5976 -6.81888
19.61 -6.78323
19.6223 -6.74755
19.6345 -6.71186
19.6467 -6.67614
19.6588 -6.6404
19.6708 -6.60463
19.6828 -6.56885
19.6947 -6.53304
19.7066 -6.49722
19.7183 -6.46137
19.7301 -6.4255
19.7417 -6.38961
19.7533 -6.35369
19.7648 -6.31776
19.7763 -6.28181
19.7877 -6.24583
19.799 -6.20983
19.8103 -6.17382
19.8458 -6.05847
19.8568 -6.02237
19.8677 -5.98625
19.8786 -5.95011
19.8894 -5.91395
19.9001 -5.87777
19.9108 -5.84157
19.9214 -5.80535
19.9319 -5.76911
19.9423 -5.73285
19.9527 -5.69657
19.9631 -5.66028
19.9733 -5.62396
19.9835 -5.58763
19.9936 -5.55128
20.0037 -5.51491
20.0137 -5.47852
20.0236 -5.44212
20.0335 -5.40569
20.0433 -5.36925
20.053 -5.33279
20.0627 -5.29631
20.0723 -5.25982
20.0818 -5.22331
20.0913 -5.18678
20.1007 -5.15023
20.11 -5.11367
20.1193 -5.07709
20.1285 -5.04049
20.1376 -5.00388
20.1467 -4.96725
20.1557 -4.9306
20.1646 -4.89394
20.1735 -4.85726
20.1823 -4.82056
20.191 -4.78385
20.1997 -4.74712
20.2083 -4.71038
20.2168 -4.67362
20.2253 -4.63685
20.2337 -4.60006
20.242 -4.56325
20.2503 -4.52644
20.2585 -4.4896
20.2251 -4.46574
20.1935 -4.43376
20.1619 -4.40177
20.1302 -4.36978
20.0985 -4.33778
20.0668 -4.30577
20.0351 -4.27376
20.0033 -4.24174
19.9715 -4.20971
19.9397 -4.17768
19.9078 -4.14564
19.876 -4.1136
19.844 -4.08155
19.8121 -4.04949
19.7801 -4.01743
19.7481 -3.98536
19.7161 -3.95329
19.684 -3.92121
19.6519 -3.88912
19.6198 -3.85703
19.5876 -3.82493
19.5554 -3.79282
19.5232 -3.76071
19.4909 -3.7286
19.4586 -3.69647
19.4263 -3.66434
19.3939 -3.6322
19.3615 -3.60006
19.3291 -3.56791
19.2967 -3.53576
19.2642 -3.5036
19.2317 -3.47143
19.1991 -3.43926
19.1665 -3.40708
19.1339 -3.3749
19.1012 -3.3427
19.0685 -3.31051
19.0358 -3.2783
19.003 -3.2461
18.9702 -3.21388
18.9374 -3.18166
18.9045 -3.14943
18.8716 -3.1172
18.8387 -3.08496
18.8057 -3.05271
18.7727 -3.02046
18.7397 -2.98821
18.7066 -2.95594
18.6735 -2.92368
18.6403 -2.8914
18.6071 -2.85912
18.5739 -2.82683
18.5406 -2.79454
18.5406 -2.79454
18.5819 -2.77349
18.6232 -2.75244
18.6644 -2.73138
18.7056 -2.71031
18.7468 -2.68924
18.7879 -2.66816
18.829 -2.64708
18.87 -2.62599
18.9111 -2.6049
18.952 -2.5838
18.993 -2.5627
19.0339 -2.54159
19.0748 -2.52048
19.1156 -2.49937
19.1564 -2.47824
19.1972 -2.45712
19.2379 -2.43599
19.2786 -2.41485
19.3193 -2.39371
19.3599 -2.37257
19.4005 -2.35142
19.441 -2.33027
19.4816 -2.30912
19.522 -2.28796
19.5625 -2.26679
19.6029 -2.24563
19.6433 -2.22445
19.6837 -2.20328
19.724 -2.1821
19.7643 -2.16092
19.8046 -2.13973
19.8448 -2.11854
19.885 -2.09735
19.9251 -2.07616
19.9653 -2.05496
20.0054 -2.03375
20.0455 -2.01255
20.0855 -1.99134
20.1255 -1.97013
20.1655 -1.94891
20.2054 -1.92769
20.2453 -1.90647
20.2852 -1.88525
20.3251 -1.86402
20.3649 -1.84279
20.4047 -1.82156
20.4445 -1.80033
20.4842 -1.77909
20.5239 -1.75785
20.5636 -1.73661
20.6032 -1.71536
20.6429 -1.69412
20.6818 -1.68115
20.6848 -1.64354
20.6878 -1.60592
20.6906 -1.56829
20.6935 -1.53066
20.6962 -1.49303
20.6989 -1.45539
20.7015 -1.41774
20.7041 -1.38009
20.7065 -1.34244
20.7089 -1.30478
20.7113 -1.26711
20.7135 -1.22945
20.7157 -1.19177
20.7179 -1.1541
20.7199 -1.11642
20.7219 -1.07874
20.7239 -1.04105
20.7257 -1.00336
20.7275 -0.965666
20.7292 -0.927969
20.7309 -0.89027
20.7325 -0.852567
20.734 -0.814862
20.7354 -0.777154
20.7368 -0.739443
20.7381 -0.70173
20.7394 -0.664015
20.7405 -0.626297
20.7417 -0.588577
20.7427 -0.550856
20.7437 -0.513132
20.7446 -0.475407
20.7454 -0.437681
20.7461 -0.399952
20.7468 -0.362223
20.7475 -0.324492
20.748 -0.286761
20.7485 -0.249028
20.7489 -0.211294
20.7493 -0.17356
20.7496 -0.135825
20.7498 -0.09809
20.7499 -0.0603545
