21.7499 0.0592044
21.7498 0.0942919
21.7496 0.129379
21.7494 0.164466
21.7491 0.199553
21.7487 0.234639
21.7483 0.269724
21.7479 0.304809
21.7473 0.339892
21.7468 0.374975
21.7461 0.410057
21.7454 0.445138
21.7447 0.480218
21.7439 0.515297
21.743 0.550374
21.7421 0.58545
21.7411 0.620524
21.7401 0.655596
21.739 0.690667
21.7379 0.725736
21.7367 0.760804
21.7354 0.795869
21.7341 0.830932
21.7328 0.865993
21.7313 0.901052
21.7298 0.936108
21.7283 0.971162
21.7267 1.00621
21.7251 1.04126
21.7234 1.07631
21.7216 1.11135
21.7198 1.14639
21.7179 1.18143
21.716 1.21646
21.714 1.2515
21.7119 1.28652
21.7098 1.32155
21.7077 1.35657
21.7054 1.39159
21.7032 1.4266
21.7008 1.46161
21.6984 1.49662
21.696 1.53162
21.6935 1.56662
21.691 1.60161
21.6883 1.6366
21.6857 1.67159
21.6497 1.68207
21.6131 1.70012
21.5764 1.71816
21.5398 1.7362
21.5031 1.75424
21.4664 1.77228
21.4297 1.79032
21.393 1.80835
21.3563 1.82638
21.3195 1.84442
21.2827 1.86245
21.2459 1.88047
21.2091 1.8985
21.1722 1.91652
21.1353 1.93455
21.0984 1.95257
21.0615 1.97059
21.0246 1.9886
20.9876 2.00662
20.9506 2.02463
20.9136 2.04264
20.8766 2.06065
20.8396 2.07865
20.8025 2.09666
20.7654 2.11466
20.7283 2.13266
20.6912 2.15065
20.654 2.16865
20.6168 2.18664
20.5796 2.20463
20.5424 2.22262
20.5051 2.2406
20.4679 2.25858
20.4306 2.27656
20.3933 2.29454
20.3559 2.31251
20.3185 2.33049
20.2811 2.34846
20.2437 2.36642
20.2063 2.38438
20.1688 2.40235
20.1313 2.4203
20.0938 2.43826
20.0563 2.45621
20.0187 2.47416
19.9812 2.4921
19.9435 2.51005
19.9059 2.52799
19.8682 2.54592
19.8306 2.56385
19.7929 2.58178
19.7551 2.59971
19.7174 2.61763
19.6796 2.63555
19.6418 2.65347
19.6039 2.67138
19.566 2.68929
19.566 2.68929
19.5977 2.71675
19.6293 2.74421
19.6609 2.77166
19.6924 2.79911
19.7239 2.82656
19.7554 2.854
19.7869 2.88144
19.8184 2.90888
19.8498 2.93631
19.8812 2.96374
19.9126 2.99116
19.9439 3.01858
19.9752 3.046
20.0065 3.07341
20.0378 3.10082
20.0691 3.12823
20.1003 3.15563
20.1315 3.18303
20.1627 3.21042
20.1938 3.23781
20.225 3.2652
20.2561 3.29258
20.2872 3.31996
20.3182 3.34734
20.3493 3.37471
20.3803 3.40207
20.4113 3.42944
20.4422 3.4568
20.4732 3.48415
20.5041 3.51151
20.535 3.53886
20.5659 3.5662
20.5968 3.59354
20.6276 3.62088
20.6584 3.64821
20.6892 3.67554
20.72 3.70287
20.7507 3.73019
20.7815 3.75751
20.8122 3.78482
20.8428 3.81213
20.8735 3.83944
20.9042 3.86674
20.9348 3.89404
20.9654 3.92133
20.996 3.94862
21.0265 3.97591
21.0571 4.00319
21.0876 4.03047
21.1181 4.05775
21.1486 4.08502
21.179 4.11228
21.2095 4.13955
21.2399 4.16681
21.2703 4.19406
21.3007 4.22132
21.3325 4.24112
21.3256 4.27553
21.3187 4.30993
21.3117 4.34431
21.3047 4.37869
21.2976 4.41305
21.2904 4.4474
21.2832 4.48175
21.276 4.51607
21.2687 4.55039
21.2613 4.5847
21.2539 4.61899
21.2464 4.65327
21.2389 4.68754
21.2313 4.7218
21.2236 4.75604
21.2159 4.79027
21.2082 4.82449
21.2004 4.8587
21.1925 4.8929
21.1846 4.92708
21.1766 4.96125
21.1686 4.9954
21.1605 5.02955
21.1523 5.06368
21.1441 5.09779
21.1359 5.1319
21.1276 5.16599
21.1192 5.20006
21.1108 5.23413
21.1023 5.26818
21.0938 5.30221
21.0852 5.33624
21.0766 5.37024
21.0679 5.40424
21.0592 5.43822
21.0504 5.47219
21.0415 5.50614
21.0326 5.54007
21.0236 5.574
21.0146 5.60791
21.0055 5.6418
20.9964 5.67568
20.9872 5.70954
20.978 5.74339
20.9687 5.77723
20.9593 5.81105
20.9274 5.92507
20.9178 5.95882
20.9082 5.99256
20.8985 6.02628
20.8887 6.05999
20.8789 6.09368
20.8691 6.12735
20.8592 6.16101
20.8492 6.19465
20.8392 6.22828
20.8291 6.26189
20.819 6.29548
20.8088 6.32906
20.7985 6.36262
20.7883 6.39617
20.7779 6.42969
20.7675 6.4632
20.7571 6.4967
20.7465 6.53018
20.736 6.56364
20.7254 6.59708
20.7147 6.63051
20.704 6.66391
20.6932 6.69731
20.6824 6.73068
20.6715 6.76404
20.6605 6.79738
20.6496 6.8307
20.6385 6.864
20.6274 6.89729
20.6163 6.93055
20.605 6.9638
20.5938 6.99704
20.5825 7.03025
20.5711 7.06344
20.5597 7.09662
20.5482 7.12978
20.5367 7.16292
20.5251 7.19604
20.5135 7.22914
20.5018 7.26223
20.49 7.29529
20.4782 7.32834
20.4664 7.36136
20.4545 7.39437
20.4425 7.42736
20.4305 7.46033
20.393 7.4607
20.3529 7.4682
20.3128 7.4757
20.2726 7.48318
20.2324 7.49066
20.1922 7.49813
20.152 7.5056
20.1118 7.51306
20.0716 7.52051
20.0313 7.52795
19.991 7.53538
19.9507 7.54281
19.9104 7.55023
19.87 7.55765
19.8296 7.56505
19.7893 7.57245
19.7488 7.57984
19.7084 7.58722
19.668 7.5946
19.6275 7.60197
19.587 7.60933
19.5465 7.61668
19.506 7.62402
19.4654 7.63135
19.4248 7.63868
19.3843 7.646
19.3436 7.65331
19.303 7.66061
19.2623 7.66791
19.2217 7.67519
19.181 7.68247
19.1402 7.68973
19.0995 7.69699
19.0587 7.70424
19.018 7.71149
18.9771 7.71872
18.9363 7.72594
18.8955 7.73316
18.8546 7.74036
18.8137 7.74756
18.7728 7.75475
18.7318 7.76192
18.6909 7.76909
18.6499 7.77625
18.6089 7.7834
18.5678 7.79054
18.5268 7.79767
18.4857 7.80479
18.4446 7.8119
18.4035 7.819
18.3623 7.82609
18.3211 7.83317
18.28 7.84024
18.2387 7.8473
18.1975 7.85435
18.1562 7.86139
18.1149 7.86842
18.1149 7.86842
18.138 7.9034
18.161 7.93836
18.184 7.97332
18.207 8.00826
18.2299 8.0432
18.2529 8.07812
18.2758 8.11303
18.2986 8.14794
18.3215 8.18283
18.3443 8.21771
18.3671 8.25259
18.3899 8.28745
18.4127 8.3223
18.4354 8.35714
18.4582 8.39197
18.4809 8.42679
18.5035 8.4616
18.5262 8.4964
18.5488 8.53119
18.5714 8.56597
18.594 8.60075
18.6166 8.63551
18.6391 8.67026
18.6617 8.705
18.6842 8.73973
18.7067 8.77445
18.7291 8.80916
18.7516 8.84386
18.774 8.87855
18.7964 8.91324
18.8188 8.94791
18.8411 8.98257
18.8635 9.01722
18.8858 9.05187
18.9081 9.0865
18.9303 9.12112
18.9526 9.15574
18.9748 9.19034
18.9971 9.22494
19.0193 9.25952
19.0414 9.2941
19.0636 9.32867
19.0857 9.36322
19.1079 9.39777
19.13 9.43231
19.152 9.46684
19.1741 9.50136
19.1962 9.53587
19.2182 9.57037
19.2402 9.60486
19.2622 9.63935
19.2842 9.67382
19.3061 9.70829
19.3281 9.74274
19.35 9.77719
19.3719 9.81163
19.3972 9.83929
19.3813 9.87057
19.3653 9.90182
19.3493 9.93305
19.3333 9.96425
19.3172 9.99543
19.301 10.0266
19.2848 10.0577
19.2686 10.0888
19.2523 10.1199
19.2359 10.1509
19.2195 10.1819
19.2031 10.2129
19.1866 10.2439
19.17 10.2748
19.1534 10.3057
19.1368 10.3366
19.1201 10.3675
19.1033 10.3983
19.0865 10.4291
19.0697 10.4599
19.0528 10.4907
19.0358 10.5214
19.0188 10.5521
19.0018 10.5827
18.9847 10.6134
18.9676 10.644
18.9504 10.6746
18.9331 10.7051
18.9158 10.7357
18.8985 10.7662
18.8811 10.7966
18.8636 10.8271
18.8461 10.8575
18.8286 10.8879
18.811 10.9182
18.7934 10.9486
18.7757 10.9789
18.758 11.0092
18.7402 11.0394
18.7223 11.0696
18.7045 11.0998
18.6865 11.13
18.6685 11.1601
18.6505 11.1902
18.6324 11.2203
18.6143 11.2503
18.5528 11.3515
18.5345 11.3814
18.5161 11.4113
18.4976 11.4412
18.4792 11.471
18.4606 11.5008
18.442 11.5305
18.4234 11.5603
18.4048 11.59
18.386 11.6197
18.3673 11.6493
18.3484 11.6789
18.3296 11.7085
18.3107 11.7381
18.2917 11.7676
18.2727 11.7971
18.2536 11.8265
18.2345 11.856
18.2154 11.8854
18.1962 11.9147
18.1769 11.9441
18.1577 11.9734
18.1383 12.0027
18.1189 12.0319
18.0995 12.0611
18.08 12.0903
18.0605 12.1195
18.0409 12.1486
18.0213 12.1777
18.0016 12.2067
17.9819 12.2357
17.9621 12.2647
17.9423 12.2937
17.9225 12.3226
17.9026 12.3515
17.8826 12.3804
17.8626 12.4092
17.8426 12.438
17.8225 12.4668
17.8024 12.4955
17.7822 12.5242
17.762 12.5529
17.7417 12.5815
17.7214 12.6101
17.701 12.6387
17.6806 12.6673
17.6601 12.6958
17.6239 12.686
17.5833 12.6824
17.5426 12.6788
17.5019 12.6752
17.4612 12.6715
17.4205 12.6679
17.3798 12.6642
17.339 12.6606
17.2982 12.6569
17.2575 12.6532
17.2167 12.6495
17.1758 12.6457
17.135 12.642
17.0941 12.6383
17.0533 12.6345
17.0124 12.6307
16.9715 12.6269
16.9306 12.6231
16.8896 12.6193
16.8487 12.6155
16.8077 12.6117
16.7667 12.6078
16.7257 12.6039
16.6847 12.6001
16.6436 12.5962
16.6026 12.5923
16.5615 12.5884
16.5204 12.5844
16.4793 12.5805
16.4381 12.5765
16.397 12.5725
16.3558 12.5686
16.3146 12.5646
16.2734 12.5605
16.2322 12.5565
16.1909 12.5525
16.1497 12.5484
16.1084 12.5443
16.0671 12.5402
16.0258 12.5361
15.9844 12.532
15.9431 12.5279
15.9017 12.5237
15.8603 12.5196
15.8189 12.5154
15.7774 12.5112
15.736 12.507
15.6945 12.5028
15.653 12.4985
15.6115 12.4942
15.5699 12.49
15.5284 12.4857
15.4868 12.4814
15.4452 12.4771
15.4036 12.4727
15.362 12.4684
15.3203 12.464
15.3203 12.464
15.3331 12.5039
15.3458 12.5438
15.3585 12.5836
15.3712 12.6235
15.3839 12.6633
15.3965 12.7031
15.4092 12.7429
15.4218 12.7827
15.4344 12.8225
15.447 12.8622
15.4595 12.902
15.4721 12.9417
15.4846 12.9814
15.4971 13.0211
15.5096 13.0607
15.522 13.1004
15.5345 13.14
15.5469 13.1796
15.5593 13.2192
15.5717 13.2588
15.5841 13.2984
15.5964 13.338
15.6087 13.3775
15.6211 13.4171
15.6334 13.4566
15.6456 13.4961
15.6579 13.5355
15.6702 13.575
15.6824 13.6145
15.6946 13.6539
15.7068 13.6933
15.719 13.7327
15.7311 13.7721
15.7433 13.8115
15.7554 13.8509
15.7675 13.8902
15.7796 13.9296
15.7917 13.9689
15.8037 14.0082
15.8158 14.0475
15.8278 14.0868
15.8398 14.126
15.8518 14.1653
15.8638 14.2045
15.8758 14.2437
15.8877 14.2829
15.8996 14.3221
15.9116 14.3613
15.9235 14.4005
15.9354 14.4396
15.9472 14.4788
15.9591 14.5179
15.9709 14.557
15.9828 14.5961
15.9946 14.6352
16.0064 14.6743
16.0233 14.7077
15.9995 14.7335
15.9757 14.7593
15.9519 14.7851
15.928 14.8108
15.9041 14.8365
15.8802 14.8621
15.8562 14.8877
15.8321 14.9133
15.8081 14.9388
15.7839 14.9643
15.7598 14.9897
15.7356 15.0151
15.7113 15.0405
15.687 15.0658
15.6627 15.0911
15.6384 15.1164
15.6139 15.1416
15.5895 15.1667
15.565 15.1919
15.5405 15.217
15.5159 15.242
15.4913 15.267
15.4667 15.292
15.442 15.3169
15.4172 15.3418
15.3925 15.3667
15.3677 15.3915
15.3428 15.4162
15.3179 15.441
15.293 15.4657
15.268 15.4903
15.243 15.5149
15.218 15.5395
15.1929 15.564
15.1677 15.5885
15.1426 15.613
15.1174 15.6374
15.0921 15.6617
15.0668 15.6861
15.0415 15.7104
15.0161 15.7346
14.9907 15.7588
14.9653 15.783
14.9398 15.8071
14.9143 15.8312
14.8887 15.8552
14.8022 15.936
14.7765 15.9599
14.7507 15.9837
14.7249 16.0075
14.6991 16.0312
14.6732 16.0549
14.6473 16.0786
14.6213 16.1022
14.5953 16.1257
14.5693 16.1493
14.5432 16.1727
14.5171 16.1962
14.491 16.2196
14.4648 16.2429
14.4385 16.2663
14.4123 16.2895
14.386 16.3128
14.3597 16.3359
14.3333 16.3591
14.3069 16.3822
14.2804 16.4052
14.2539 16.4283
14.2274 16.4512
14.2009 16.4742
14.1743 16.4971
14.1476 16.5199
14.121 16.5427
14.0943 16.5655
14.0675 16.5882
14.0407 16.6108
14.0139 16.6335
13.9871 16.6561
13.9602 16.6786
13.9333 16.7011
13.9063 16.7236
13.8793 16.746
13.8523 16.7683
13.8252 16.7907
13.7981 16.8129
13.771 16.8352
13.7438 16.8574
13.7166 16.8795
13.6893 16.9016
13.662 16.9237
13.6347 16.9457
13.6074 16.9677
13.58 16.9896
13.5477 16.9705
13.5096 16.956
13.4714 16.9416
13.4332 16.9271
13.395 16.9126
13.3567 16.8981
13.3185 16.8836
13.2803 16.8691
13.242 16.8545
13.2037 16.84
13.1654 16.8254
13.1271 16.8108
13.0888 16.7962
13.0505 16.7815
13.0122 16.7669
12.9738 16.7522
12.9354 16.7375
12.8971 16.7228
12.8587 16.7081
12.8203 16.6934
12.7818 16.6787
12.7434 16.6639
12.705 16.6491
12.6665 16.6343
12.628 16.6195
12.5895 16.6046
12.551 16.5898
12.5125 16.5749
12.474 16.56
12.4355 16.5451
12.3969 16.5302
12.3583 16.5152
12.3198 16.5003
12.2812 16.4853
12.2425 16.4703
12.2039 16.4552
12.1653 16.4402
12.1266 16.4251
12.088 16.4101
12.0493 16.395
12.0106 16.3798
11.9719 16.3647
11.9331 16.3495
11.8944 16.3344
11.8556 16.3192
11.8169 16.3039
11.7781 16.2887
11.7393 16.2734
11.7005 16.2582
11.6617 16.2429
11.6228 16.2275
11.584 16.2122
11.5451 16.1968
11.5062 16.1814
11.4673 16.166
11.4284 16.1506
11.3894 16.1352
11.3894 16.1352
11.391 16.177
11.3925 16.2189
11.3939 16.2607
11.3954 16.3025
11.3969 16.3442
11.3983 16.386
11.3998 16.4277
11.4012 16.4694
11.4026 16.5111
11.404 16.5528
11.4053 16.5944
11.4067 16.6361
11.408 16.6777
11.4094 16.7193
11.4107 16.7608
11.412 16.8024
11.4133 16.8439
11.4145 16.8854
11.4158 16.9269
11.4171 16.9684
11.4183 17.0098
11.4195 17.0512
11.4207 17.0926
11.4219 17.134
11.4231 17.1754
11.4243 17.2167
11.4254 17.2581
11.4266 17.2994
11.4277 17.3407
11.4288 17.3819
11.4299 17.4232
11.431 17.4644
11.4321 17.5056
11.4332 17.5468
11.4342 17.588
11.4353 17.6292
11.4363 17.6703
11.4373 17.7114
11.4383 17.7525
11.4393 17.7936
11.4403 17.8347
11.4413 17.8757
11.4422 17.9168
11.4432 17.9578
11.4441 17.9988
11.4451 18.0397
11.446 18.0807
11.4469 18.1216
11.4478 18.1626
11.4487 18.2035
11.4495 18.2444
11.4504 18.2852
11.4513 18.3261
11.4521 18.3669
11.4529 18.4078
11.4537 18.4486
11.461 18.4853
11.4312 18.5038
11.4013 18.5222
11.3714 18.5406
11.3415 18.5589
11.3115 18.5772
11.2815 18.5954
11.2515 18.6136
11.2215 18.6317
11.1914 18.6498
11.1613 18.6678
11.1312 18.6858
11.101 18.7037
11.0708 18.7216
11.0406 18.7395
11.0104 18.7572
10.9801 18.775
10.9498 18.7927
10.9195 18.8103
10.8891 18.8279
10.8587 18.8454
10.8283 18.8629
10.7979 18.8804
10.7674 18.8978
10.7369 18.9151
10.7064 18.9324
10.6758 18.9497
10.6452 18.9669
10.6146 18.984
10.584 19.0011
10.5533 19.0182
10.5226 19.0352
10.4919 19.0521
10.4611 19.069
10.4304 19.0859
10.3996 19.1027
10.3687 19.1194
10.3379 19.1361
10.307 19.1528
10.2761 19.1694
10.2451 19.1859
10.2142 19.2024
10.1832 19.2189
10.1522 19.2353
10.1211 19.2516
10.09 19.2679
10.0589 19.2842
9.95381 19.3387
9.9226 19.3547
9.89136 19.3707
9.8601 19.3866
9.82881 19.4025
9.7975 19.4183
9.76616 19.4341
9.7348 19.4498
9.70341 19.4655
9.67199 19.4811
9.64055 19.4967
9.60909 19.5123
9.5776 19.5277
9.54608 19.5432
9.51454 19.5585
9.48298 19.5739
9.45139 19.5891
9.41977 19.6043
9.38813 19.6195
9.35647 19.6346
9.32478 19.6497
9.29307 19.6647
9.26134 19.6797
9.22958 19.6946
9.19779 19.7095
9.16599 19.7243
9.13415 19.739
9.1023 19.7538
9.07042 19.7684
9.03852 19.783
9.00659 19.7976
8.97464 19.8121
8.94267 19.8265
8.91067 19.8409
8.87865 19.8553
8.84661 19.8696
8.81454 19.8838
8.78245 19.898
8.75034 19.9122
8.71821 19.9262
8.68605 19.9403
8.65387 19.9543
8.62167 19.9682
8.58945 19.9821
8.5572 19.9959
8.52493 20.0097
8.49264 20.0234
8.46677 19.9963
8.43391 19.9721
8.40104 19.9479
8.36816 19.9236
8.33527 19.8994
8.30238 19.8751
8.26948 19.8508
8.23657 19.8265
8.20365 19.8022
8.17072 19.7778
8.13779 19.7534
8.10485 19.7291
8.0719 19.7046
8.03894 19.6802
8.00597 19.6558
7.973 19.6313
7.94002 19.6068
7.90703 19.5823
7.87403 19.5578
7.84102 19.5332
7.80801 19.5087
7.77498 19.4841
7.74195 19.4595
7.70891 19.4348
7.67587 19.4102
7.64281 19.3855
7.60975 19.3608
7.57667 19.3361
7.54359 19.3114
7.5105 19.2866
7.47741 19.2618
7.4443 19.237
7.41119 19.2122
7.37806 19.1874
7.34493 19.1625
7.31179 19.1376
7.27865 19.1127
7.24549 19.0878
7.21232 19.0628
7.17915 19.0378
7.14597 19.0128
7.11278 18.9878
7.07958 18.9628
7.04637 18.9377
7.01315 18.9126
6.97993 18.8875
6.94669 18.8624
6.91345 18.8372
6.8802 18.812
6.84694 18.7868
6.81367 18.7616
6.78039 18.7363
6.74711 18.711
6.71381 18.6857
6.68051 18.6604
6.64719 18.635
6.61387 18.6097
6.61387 18.6097
6.60404 18.6504
6.5942 18.6911
6.58435 18.7317
6.5745 18.7724
6.56463 18.813
6.55476 18.8536
6.54488 18.8942
6.53499 18.9347
6.52509 18.9752
6.51518 19.0157
6.50526 19.0562
6.49534 19.0966
6.48541 19.1371
6.47547 19.1775
6.46552 19.2179
6.45557 19.2582
6.44561 19.2985
6.43564 19.3389
6.42566 19.3791
6.41567 19.4194
6.40568 19.4597
6.39568 19.4999
6.38567 19.5401
6.37565 19.5802
6.36563 19.6204
6.3556 19.6605
6.34556 19.7006
6.33552 19.7407
6.32547 19.7808
6.31541 19.8208
6.30535 19.8608
6.29528 19.9008
6.2852 19.9408
6.27511 19.9808
6.26502 20.0207
6.25492 20.0606
6.24482 20.1005
6.2347 20.1404
6.22459 20.1802
6.21446 20.2201
6.20433 20.2599
6.19419 20.2997
6.18405 20.3394
6.1739 20.3792
6.16375 20.4189
6.15358 20.4586
6.14342 20.4983
6.13324 20.538
6.12306 20.5776
6.11288 20.6173
6.10269 20.6569
6.09249 20.6965
6.08229 20.736
6.07208 20.7756
6.06186 20.8151
6.05164 20.8546
6.04871 20.892
6.015 20.9017
5.98127 20.9114
5.94753 20.921
5.91377 20.9306
5.87999 20.9401
5.84621 20.9496
5.8124 20.959
5.77858 20.9683
5.74475 20.9776
5.7109 20.9869
5.67703 20.996
5.64316 21.0052
5.60926 21.0142
5.57535 21.0233
5.54143 21.0322
5.50749 21.0412
5.47354 21.05
5.43958 21.0588
5.4056 21.0676
5.3716 21.0763
5.3376 21.0849
5.30357 21.0935
5.26954 21.102
5.23549 21.1105
5.20143 21.1189
5.16735 21.1273
5.13326 21.1356
5.09916 21.1438
5.06504 21.152
5.03091 21.1602
4.99677 21.1682
4.96261 21.1763
4.92844 21.1843
4.89426 21.1922
4.86007 21.2001
4.82586 21.2079
4.79164 21.2156
4.75741 21.2233
4.72317 21.231
4.68891 21.2386
4.65464 21.2461
4.62036 21.2536
4.58607 21.261
4.55176 21.2684
4.51745 21.2757
4.48312 21.283
4.36719 21.307
4.33281 21.3141
4.29842 21.321
4.26402 21.3279
4.2296 21.3348
4.19518 21.3416
4.16075 21.3483
4.1263 21.355
4.09184 21.3616
4.05738 21.3682
4.0229 21.3747
3.98841 21.3812
3.95392 21.3876
3.91941 21.3939
3.88489 21.4002
3.85036 21.4065
3.81582 21.4127
3.78127 21.4188
3.74672 21.4249
3.71215 21.4309
3.67757 21.4368
3.64298 21.4427
3.60839 21.4486
3.57378 21.4544
3.53916 21.4601
3.50454 21.4658
3.46991 21.4714
3.43526 21.477
3.40061 21.4825
3.36595 21.488
3.33128 21.4934
3.2966 21.4987
3.26192 21.504
3.22722 21.5092
3.19252 21.5144
3.15781 21.5195
3.12309 21.5246
3.08836 21.5296
3.05362 21.5346
3.01888 21.5395
2.98413 21.5443
2.94937 21.5491
2.9146 21.5538
2.87982 21.5585
2.84504 21.5631
2.81025 21.5677
2.77545 21.5722
2.75787 21.5391
2.73275 21.5069
2.70763 21.4747
2.68251 21.4425
2.65739 21.4103
2.63227 21.378
2.60714 21.3458
2.58201 21.3135
2.55687 21.2812
2.53174 21.2488
2.5066 21.2165
2.48146 21.1841
2.45632 21.1517
2.43117 21.1193
2.40603 21.0869
2.38088 21.0544
2.35572 21.0219
2.33057 20.9894
2.30541 20.9569
2.28025 20.9244
2.25509 20.8918
2.22993 20.8592
2.20476 20.8266
2.17959 20.794
2.15442 20.7613
2.12925 20.7286
2.10407 20.696
2.07889 20.6632
2.05371 20.6305
2.02853 20.5977
2.00334 20.5649
1.97816 20.5321
1.95297 20.4993
1.92778 20.4664
1.90258 20.4335
1.87739 20.4006
1.85219 20.3677
1.82699 20.3348
1.80178 20.3018
1.77658 20.2688
1.75137 20.2358
1.72616 20.2027
1.70095 20.1696
1.67574 20.1365
1.65052 20.1034
1.62531 20.0703
1.60009 20.0371
1.57487 20.0039
1.54964 19.9707
1.52442 19.9374
1.49919 19.9041
1.47396 19.8708
1.44873 19.8375
1.4235 19.8042
1.39826 19.7708
1.37303 19.7374
1.34779 19.704
1.34779 19.704
1.32734 19.7405
1.30688 19.777
1.28643 19.8135
1.26597 19.85
1.24551 19.8865
1.22505 19.9229
1.20459 19.9593
1.18413 19.9957
1.16367 20.032
1.1432 20.0683
1.12273 20.1046
1.10226 20.1409
1.08179 20.1772
1.06132 20.2134
1.04085 20.2496
1.02037 20.2858
0.9999 20.3219
0.979423 20.358
0.958946 20.3941
0.938467 20.4302
0.917987 20.4663
0.897506 20.5023
0.877025 20.5383
0.856542 20.5743
0.836058 20.6102
0.815573 20.6462
0.795087 20.6821
0.774601 20.718
0.754113 20.7538
0.733625 20.7897
0.713136 20.8255
0.692646 20.8613
0.672155 20.8971
0.651664 20.9328
0.631172 20.9686
0.610679 21.0043
0.590186 21.04
0.569692 21.0756
0.549198 21.1113
0.528702 21.1469
0.508207 21.1825
0.487711 21.2181
0.467214 21.2536
0.446717 21.2892
0.426219 21.3247
0.405721 21.3602
0.385223 21.3957
0.364724 21.4311
0.344225 21.4665
0.323726 21.5019
0.303226 21.5373
0.282726 21.5727
0.262226 21.6081
0.241725 21.6434
0.221224 21.6787
0.200723 21.714
0.18781 21.7492
0.152724 21.7495
0.117637 21.7497
0.0825492 21.7498
0.0474617 21.7499
0.012374 21.75
-0.0227137 21.75
-0.0578014 21.7499
-0.0928889 21.7498
-0.127976 21.7496
-0.163063 21.7494
-0.19815 21.7491
-0.233236 21.7487
-0.268321 21.7483
-0.303406 21.7479
-0.33849 21.7474
-0.373573 21.7468
-0.408655 21.7462
-0.443736 21.7455
-0.478815 21.7447
-0.513894 21.7439
-0.548971 21.7431
-0.584047 21.7422
-0.619121 21.7412
-0.654194 21.7402
-0.689265 21.7391
-0.724334 21.7379
-0.759401 21.7367
-0.794467 21.7355
-0.82953 21.7342
-0.864591 21.7328
-0.89965 21.7314
-0.934706 21.7299
-0.969761 21.7284
-1.00481 21.7268
-1.03986 21.7251
-1.07491 21.7234
-1.10995 21.7217
-1.14499 21.7198
-1.18003 21.718
-1.21506 21.716
-1.25009 21.714
-1.28512 21.712
-1.32015 21.7099
-1.35517 21.7077
-1.39019 21.7055
-1.4252 21.7033
-1.54333 21.6952
-1.57833 21.6927
-1.61332 21.6901
-1.64831 21.6875
-1.6833 21.6848
-1.71828 21.682
-1.75325 21.6792
-1.78822 21.6764
-1.82319 21.6735
-1.85815 21.6705
-1.89311 21.6675
-1.92806 21.6644
-1.96301 21.6612
-1.99795 21.658
-2.03289 21.6548
-2.06782 21.6515
-2.10275 21.6481
-2.13767 21.6447
-2.17258 21.6412
-2.20749 21.6377
-2.24239 21.6341
-2.27729 21.6305
-2.31218 21.6267
-2.34707 21.623
-2.38195 21.6192
-2.41682 21.6153
-2.45169 21.6114
-2.48655 21.6074
-2.52141 21.6034
-2.55625 21.5993
-2.59109 21.5951
-2.62593 21.5909
-2.66076 21.5866
-2.69558 21.5823
-2.73039 21.5779
-2.7652 21.5735
-2.8 21.569
-2.83479 21.5645
-2.86957 21.5599
-2.90435 21.5552
-2.93912 21.5505
-2.97388 21.5457
-3.00864 21.5409
-3.04338 21.536
-3.07812 21.5311
-3.11285 21.5261
-3.14758 21.521
-3.15557 21.4844
-3.17108 21.4467
-3.18658 21.4089
-3.20208 21.3711
-3.21758 21.3333
-3.23307 21.2955
-3.24856 21.2576
-3.26405 21.2197
-3.27953 21.1818
-3.29501 21.1439
-3.31049 21.106
-3.32596 21.068
-3.34143 21.0301
-3.3569 20.9921
-3.37236 20.954
-3.38782 20.916
-3.40328 20.8779
-3.41873 20.8399
-3.43418 20.8018
-3.44963 20.7636
-3.46507 20.7255
-3.48051 20.6873
-3.49595 20.6491
-3.51138 20.6109
-3.52681 20.5727
-3.54223 20.5344
-3.55765 20.4962
-3.57307 20.4579
-3.58848 20.4195
-3.60389 20.3812
-3.6193 20.3428
-3.6347 20.3044
-3.6501 20.266
-3.66549 20.2276
-3.68088 20.1891
-3.69626 20.1506
-3.71164 20.1121
-3.72702 20.0736
-3.74239 20.0351
-3.75775 19.9965
-3.77311 19.9579
-3.78847 19.9192
-3.80383 19.8806
-3.81917 19.8419
-3.83452 19.8032
-3.84986 19.7645
-3.86519 19.7258
-3.88052 19.687
-3.89584 19.6482
-3.91116 19.6094
-3.92648 19.5705
-3.94179 19.5317
-3.95709 19.4928
-3.97239 19.4538
-3.98768 19.4149
-4.00297 19.3759
-4.01826 19.3369
-4.01826 19.3369
-4.04781 19.3666
-4.07736 19.3962
-4.10691 19.4259
-4.13645 19.4555
-4.16598 19.4851
-4.19551 19.5146
-4.22503 19.5441
-4.25455 19.5737
-4.28406 19.6031
-4.31357 19.6326
-4.34307 19.662
-4.37257 19.6914
-4.40206 19.7208
-4.43154 19.7502
-4.46102 19.7795
-4.4905 19.8088
-4.51996 19.8381
-4.54943 19.8673
-4.57889 19.8966
-4.60834 19.9258
-4.63779 19.955
-4.66723 19.9842
-4.69667 20.0133
-4.7261 20.0424
-4.75552 20.0715
-4.78494 20.1006
-4.81436 20.1297
-4.84377 20.1587
-4.87317 20.1877
-4.90257 20.2167
-4.93197 20.2456
-4.96135 20.2746
-4.99074 20.3035
-5.02011 20.3324
-5.04949 20.3613
-5.07885 20.3901
-5.10822 20.419
-5.13757 20.4478
-5.16692 20.4766
-5.19627 20.5054
-5.22561 20.5341
-5.25494 20.5628
-5.28427 20.5915
-5.3136 20.6202
-5.34292 20.6489
-5.37223 20.6776
-5.40154 20.7062
-5.43084 20.7348
-5.46014 20.7634
-5.48944 20.7919
-5.51872 20.8205
-5.54801 20.849
-5.57728 20.8775
-5.60655 20.906
-5.63582 20.9345
-5.66508 20.9629
-5.68702 20.9933
-5.72087 20.9841
-5.75472 20.9749
-5.78855 20.9656
-5.82236 20.9562
-5.85616 20.9468
-5.88995 20.9373
-5.92372 20.9278
-5.95747 20.9182
-5.99121 20.9086
-6.02493 20.8989
-6.05864 20.8891
-6.09233 20.8793
-6.126 20.8695
-6.15966 20.8596
-6.19331 20.8496
-6.22693 20.8396
-6.26054 20.8295
-6.29414 20.8194
-6.32772 20.8092
-6.36128 20.799
-6.39482 20.7887
-6.42835 20.7783
-6.46186 20.7679
-6.49536 20.7575
-6.52884 20.747
-6.5623 20.7364
-6.59574 20.7258
-6.62917 20.7151
-6.66258 20.7044
-6.69597 20.6936
-6.72935 20.6828
-6.7627 20.6719
-6.79604 20.661
-6.82937 20.65
-6.86267 20.639
-6.89596 20.6279
-6.92922 20.6167
-6.96247 20.6055
-6.99571 20.5942
-7.02892 20.5829
-7.06212 20.5716
-7.09529 20.5601
-7.12845 20.5487
-7.16159 20.5371
-7.19472 20.5256
-7.22782 20.5139
-7.33939 20.4743
-7.37241 20.4624
-7.40541 20.4505
-7.43839 20.4385
-7.47136 20.4265
-7.5043 20.4144
-7.53722 20.4023
-7.57013 20.3901
-7.60301 20.3778
-7.63587 20.3656
-7.66872 20.3532
-7.70154 20.3408
-7.73435 20.3284
-7.76713 20.3159
-7.79989 20.3033
-7.83264 20.2907
-7.86536 20.278
-7.89806 20.2653
-7.93075 20.2525
-7.96341 20.2397
-7.99605 20.2269
-8.02867 20.2139
-8.06127 20.201
-8.09385 20.1879
-8.1264 20.1748
-8.15894 20.1617
-8.19146 20.1485
-8.22395 20.1353
-8.25642 20.122
-8.28887 20.1086
-8.3213 20.0952
-8.35371 20.0818
-8.38609 20.0683
-8.41846 20.0547
-8.4508 20.0411
-8.48312 20.0275
-8.51542 20.0137
-8.54769 20
-8.57995 19.9862
-8.61218 19.9723
-8.64439 19.9584
-8.67657 19.9444
-8.70874 19.9304
-8.74088 19.9163
-8.77299 19.9022
-8.80509 19.888
-8.83716 19.8738
-8.83498 19.8363
-8.83973 19.7958
-8.84446 19.7553
-8.84919 19.7147
-8.85391 19.6741
-8.85862 19.6335
-8.86332 19.5929
-8.86802 19.5522
-8.87271 19.5115
-8.87738 19.4709
-8.88205 19.4302
-8.88671 19.3894
-8.89136 19.3487
-8.89601 19.3079
-8.90064 19.2672
-8.90526 19.2264
-8.90988 19.1855
-8.91449 19.1447
-8.91908 19.1038
-8.92367 19.063
-8.92825 19.0221
-8.93282 18.9812
-8.93738 18.9402
-8.94193 18.8993
-8.94647 18.8583
-8.951 18.8173
-8.95552 18.7763
-8.96004 18.7352
-8.96454 18.6942
-8.96903 18.6531
-8.97351 18.612
-8.97798 18.5709
-8.98245 18.5297
-8.9869 18.4886
-8.99134 18.4474
-8.99577 18.4062
-9.00019 18.3649
-9.0046 18.3237
-9.009 18.2824
-9.01339 18.2411
-9.01777 18.1998
-9.02213 18.1585
-9.02649 18.1171
-9.03084 18.0757
-9.03517 18.0343
-9.03949 17.9929
-9.0438 17.9515
-9.04811 17.91
-9.05239 17.8685
-9.05667 17.827
-9.06094 17.7854
-9.06519 17.7439
-9.06943 17.7023
-9.07366 17.6607
-9.07788 17.6191
-9.08209 17.5774
-9.08628 17.5357
-9.08628 17.5357
-9.12275 17.5563
-9.15921 17.5769
-9.19565 17.5975
-9.23208 17.618
-9.2685 17.6385
-9.30491 17.659
-9.3413 17.6795
-9.37769 17.6999
-9.41406 17.7204
-9.45042 17.7408
-9.48676 17.7611
-9.5231 17.7815
-9.55942 17.8018
-9.59574 17.8222
-9.63204 17.8424
-9.66833 17.8627
-9.7046 17.883
-9.74087 17.9032
-9.77712 17.9234
-9.81337 17.9436
-9.8496 17.9637
-9.88582 17.9839
-9.92202 18.004
-9.95822 18.0241
-9.99441 18.0442
-10.0306 18.0643
-10.0667 18.0843
-10.1029 18.1043
-10.139 18.1243
-10.1752 18.1443
-10.2113 18.1643
-10.2474 18.1842
-10.2835 18.2041
-10.3196 18.224
-10.3556 18.2439
-10.3917 18.2638
-10.4278 18.2836
-10.4638 18.3034
-10.4998 18.3232
-10.5359 18.343
-10.5719 18.3628
-10.6079 18.3825
-10.6439 18.4023
-10.6798 18.422
-10.7158 18.4417
-10.7518 18.4614
-10.7877 18.481
-10.8236 18.5007
-10.8596 18.5203
-10.8955 18.5399
-10.9314 18.5595
-10.9673 18.579
-11.0031 18.5986
-11.039 18.6181
-11.0749 18.6376
-11.1107 18.6571
-11.1401 18.6805
-11.1702 18.6625
-11.2003 18.6445
-11.2303 18.6264
-11.2604 18.6082
-11.2904 18.59
-11.3204 18.5718
-11.3503 18.5535
-11.3802 18.5352
-11.4101 18.5168
-11.44 18.4984
-11.4698 18.4799
-11.4996 18.4614
-11.5293 18.4428
-11.5591 18.4242
-11.5888 18.4055
-11.6185 18.3868
-11.6481 18.368
-11.6777 18.3492
-11.7073 18.3303
-11.7369 18.3114
-11.7664 18.2925
-11.7959 18.2735
-11.8254 18.2544
-11.8548 18.2353
-11.8842 18.2162
-11.9136 18.197
-11.9429 18.1777
-11.9722 18.1584
-12.0015 18.1391
-12.0307 18.1197
-12.06 18.1003
-12.0891 18.0808
-12.1183 18.0613
-12.1474 18.0417
-12.1765 18.0221
-12.2056 18.0024
-12.2346 17.9827
-12.2636 17.9629
-12.2925 17.9431
-12.3215 17.9233
-12.3504 17.9034
-12.3792 17.8834
-12.4081 17.8634
-12.4369 17.8434
-12.4656 17.8233
-12.4944 17.8032
-12.5911 17.7349
-12.6197 17.7146
-12.6483 17.6942
-12.6768 17.6737
-12.7053 17.6533
-12.7338 17.6327
-12.7622 17.6122
-12.7906 17.5916
-12.8189 17.5709
-12.8473 17.5502
-12.8756 17.5295
-12.9038 17.5087
-12.9321 17.4878
-12.9603 17.4669
-12.9884 17.446
-13.0165 17.425
-13.0446 17.404
-13.0727 17.383
-13.1007 17.3618
-13.1287 17.3407
-13.1567 17.3195
-13.1846 17.2982
-13.2125 17.2769
-13.2403 17.2556
-13.2682 17.2342
-13.2959 17.2128
-13.3237 17.1913
-13.3514 17.1698
-13.3791 17.1482
-13.4067 17.1266
-13.4344 17.105
-13.4619 17.0833
-13.4895 17.0616
-13.517 17.0398
-13.5445 17.0179
-13.5719 16.9961
-13.5993 16.9742
-13.6267 16.9522
-13.654 16.9302
-13.6813 16.9081
-13.7085 16.886
-13.7358 16.8639
-13.7629 16.8417
-13.7901 16.8195
-13.8172 16.7972
-13.8443 16.7749
-13.8713 16.7526
-13.8591 16.7171
-13.8528 16.6768
-13.8464 16.6365
-13.84 16.5961
-13.8336 16.5558
-13.8272 16.5154
-13.8207 16.475
-13.8143 16.4346
-13.8078 16.3942
-13.8014 16.3537
-13.7949 16.3133
-13.7884 16.2728
-13.7819 16.2323
-13.7753 16.1918
-13.7688 16.1513
-13.7622 16.1108
-13.7557 16.0702
-13.7491 16.0297
-13.7425 15.9891
-13.7359 15.9485
-13.7293 15.9079
-13.7226 15.8672
-13.716 15.8266
-13.7093 15.7859
-13.7026 15.7452
-13.6959 15.7045
-13.6892 15.6638
-13.6825 15.6231
-13.6757 15.5823
-13.669 15.5416
-13.6622 15.5008
-13.6554 15.46
-13.6486 15.4192
-13.6418 15.3783
-13.635 15.3375
-13.6281 15.2966
-13.6212 15.2557
-13.6144 15.2148
-13.6075 15.1739
-13.6005 15.1329
-13.5936 15.0919
-13.5867 15.051
-13.5797 15.01
-13.5727 14.9689
-13.5657 14.9279
-13.5587 14.8869
-13.5517 14.8458
-13.5446 14.8047
-13.5376 14.7636
-13.5305 14.7224
-13.5234 14.6813
-13.5163 14.6401
-13.5091 14.5989
-13.502 14.5577
-13.4948 14.5165
-13.4876 14.4753
-13.4804 14.434
-13.4804 14.434
-13.5211 14.444
-13.5618 14.454
-13.6024 14.464
-13.643 14.4739
-13.6836 14.4838
-13.7242 14.4937
-13.7648 14.5036
-13.8053 14.5135
-13.8459 14.5234
-13.8864 14.5332
-13.9269 14.543
-13.9674 14.5528
-14.0078 14.5626
-14.0483 14.5724
-14.0887 14.5821
-14.1291 14.5918
-14.1695 14.6015
-14.2099 14.6112
-14.2502 14.6209
-14.2906 14.6306
-14.3309 14.6402
-14.3712 14.6498
-14.4115 14.6594
-14.4518 14.669
-14.4921 14.6786
-14.5323 14.6882
-14.5725 14.6977
-14.6127 14.7072
-14.6529 14.7167
-14.6931 14.7262
-14.7333 14.7357
-14.7734 14.7452
-14.8136 14.7546
-14.8537 14.764
-14.8938 14.7734
-14.9339 14.7828
-14.9739 14.7922
-15.014 14.8016
-15.054 14.8109
-15.094 14.8203
-15.1341 14.8296
-15.174 14.8389
-15.214 14.8482
-15.254 14.8575
-15.2939 14.8667
-15.3339 14.876
-15.3738 14.8852
-15.4137 14.8944
-15.4536 14.9036
-15.4934 14.9128
-15.5333 14.922
-15.5731 14.9311
-15.613 14.9403
-15.6528 14.9494
-15.6926 14.9585
-15.7324 14.9676
-15.7669 14.9822
-15.791 14.9568
-15.8152 14.9313
-15.8392 14.9058
-15.8632 14.8802
-15.8872 14.8546
-15.9112 14.8289
-15.9351 14.8032
-15.9589 14.7775
-15.9828 14.7517
-16.0065 14.7259
-16.0303 14.7001
-16.054 14.6742
-16.0776 14.6483
-16.1012 14.6223
-16.1248 14.5964
-16.1483 14.5703
-16.1718 14.5443
-16.1952 14.5181
-16.2186 14.492
-16.242 14.4658
-16.2653 14.4396
-16.2886 14.4133
-16.3118 14.387
-16.335 14.3607
-16.3582 14.3343
-16.3813 14.3079
-16.4043 14.2815
-16.4273 14.255
-16.4503 14.2285
-16.4732 14.2019
-16.4961 14.1753
-16.519 14.1487
-16.5418 14.122
-16.5645 14.0953
-16.5873 14.0686
-16.6099 14.0418
-16.6326 14.015
-16.6552 13.9881
-16.6777 13.9613
-16.7002 13.9343
-16.7227 13.9074
-16.7451 13.8804
-16.7674 13.8533
-16.7898 13.8263
-16.8121 13.7992
-16.8343 13.772
-16.909 13.6802
-16.9311 13.6529
-16.9531 13.6256
-16.975 13.5982
-16.9969 13.5708
-17.0188 13.5434
-17.0406 13.5159
-17.0624 13.4884
-17.0842 13.4608
-17.1059 13.4333
-17.1275 13.4056
-17.1491 13.378
-17.1707 13.3503
-17.1922 13.3226
-17.2137 13.2948
-17.2351 13.267
-17.2565 13.2392
-17.2778 13.2114
-17.2991 13.1835
-17.3203 13.1556
-17.3415 13.1276
-17.3627 13.0996
-17.3838 13.0716
-17.4049 13.0435
-17.4259 13.0154
-17.4469 12.9873
-17.4678 12.9591
-17.4887 12.9309
-17.5095 12.9027
-17.5303 12.8744
-17.551 12.8461
-17.5717 12.8178
-17.5924 12.7894
-17.613 12.7611
-17.6336 12.7326
-17.6541 12.7042
-17.6746 12.6757
-17.695 12.6471
-17.7154 12.6186
-17.7357 12.59
-17.756 12.5613
-17.7762 12.5327
-17.7964 12.504
-17.8166 12.4753
-17.8367 12.4465
-17.8567 12.4177
-17.8767 12.3889
-17.8554 12.358
-17.8384 12.3209
-17.8214 12.2838
-17.8044 12.2467
-17.7873 12.2096
-17.7702 12.1724
-17.7531 12.1353
-17.736 12.0981
-17.7189 12.0609
-17.7018 12.0237
-17.6846 11.9865
-17.6674 11.9493
-17.6502 11.9121
-17.633 11.8749
-17.6158 11.8376
-17.5985 11.8003
-17.5813 11.7631
-17.564 11.7258
-17.5467 11.6885
-17.5294 11.6512
-17.512 11.6138
-17.4947 11.5765
-17.4773 11.5392
-17.4599 11.5018
-17.4425 11.4644
-17.4251 11.4271
-17.4076 11.3897
-17.3902 11.3522
-17.3727 11.3148
-17.3552 11.2774
-17.3376 11.2399
-17.3201 11.2025
-17.3025 11.165
-17.2849 11.1275
-17.2673 11.09
-17.2497 11.0525
-17.2321 11.015
-17.2144 10.9775
-17.1967 10.9399
-17.179 10.9024
-17.1613 10.8648
-17.1435 10.8272
-17.1258 10.7896
-17.108 10.752
-17.0902 10.7144
-17.0723 10.6767
-17.0545 10.6391
-17.0366 10.6014
-17.0187 10.5637
-17.0008 10.526
-16.9829 10.4883
-16.9649 10.4506
-16.9469 10.4129
-16.9289 10.3751
-16.9109 10.3373
-16.8929 10.2996
-16.8748 10.2618
-16.8748 10.2618
-16.9166 10.2604
-16.9585 10.2591
-17.0003 10.2577
-17.0421 10.2563
-17.0839 10.2549
-17.1256 10.2535
-17.1674 10.2521
-17.2091 10.2507
-17.2508 10.2492
-17.2924 10.2478
-17.3341 10.2463
-17.3757 10.2448
-17.4173 10.2433
-17.4589 10.2418
-17.5004 10.2403
-17.542 10.2387
-17.5835 10.2372
-17.625 10.2356
-17.6665 10.2341
-17.7079 10.2325
-17.7494 10.2309
-17.7908 10.2293
-17.8322 10.2277
-17.8735 10.226
-17.9149 10.2244
-17.9562 10.2227
-17.9975 10.2211
-18.0388 10.2194
-18.0801 10.2177
-18.1213 10.216
-18.1626 10.2143
-18.2038 10.2126
-18.245 10.2108
-18.2862 10.2091
-18.3273 10.2073
-18.3684 10.2055
-18.4096 10.2038
-18.4506 10.202
-18.4917 10.2002
-18.5328 10.1984
-18.5738 10.1966
-18.6148 10.1947
-18.6558 10.1929
-18.6968 10.191
-18.7378 10.1892
-18.7787 10.1873
-18.8197 10.1854
-18.8606 10.1835
-18.9015 10.1816
-18.9423 10.1797
-18.9832 10.1778
-19.024 10.1759
-19.0648 10.1739
-19.1056 10.172
-19.1464 10.17
-19.1872 10.1681
-19.2244 10.1728
-19.2408 10.1418
-19.2571 10.1107
-19.2734 10.0796
-19.2896 10.0485
-19.3058 10.0174
-19.3219 9.98624
-19.338 9.95506
-19.3541 9.92385
-19.37 9.89261
-19.386 9.86135
-19.4019 9.83007
-19.4177 9.79875
-19.4335 9.76741
-19.4492 9.73605
-19.4649 9.70466
-19.4805 9.67325
-19.4961 9.64181
-19.5116 9.61035
-19.5271 9.57886
-19.5425 9.54734
-19.5579 9.5158
-19.5732 9.48424
-19.5885 9.45265
-19.6037 9.42104
-19.6189 9.3894
-19.634 9.35774
-19.6491 9.32605
-19.6641 9.29434
-19.6791 9.26261
-19.694 9.23085
-19.7089 9.19906
-19.7237 9.16726
-19.7385 9.13543
-19.7532 9.10357
-19.7678 9.07169
-19.7824 9.03979
-19.797 9.00787
-19.8115 8.97592
-19.826 8.94395
-19.8404 8.91195
-19.8547 8.87993
-19.869 8.84789
-19.8833 8.81583
-19.8974 8.78374
-19.9116 8.75163
-19.9257 8.71949
-19.9729 8.61089
-19.9867 8.57866
-20.0005 8.5464
-20.0143 8.51413
-20.028 8.48183
-20.0417 8.44951
-20.0553 8.41716
-20.0688 8.3848
-20.0823 8.35241
-20.0958 8.32
-20.1092 8.28757
-20.1225 8.25512
-20.1358 8.22265
-20.149 8.19016
-20.1622 8.15764
-20.1754 8.1251
-20.1884 8.09255
-20.2015 8.05997
-20.2144 8.02737
-20.2274 7.99474
-20.2402 7.9621
-20.2531 7.92944
-20.2658 7.89676
-20.2785 7.86405
-20.2912 7.83133
-20.3038 7.79859
-20.3164 7.76582
-20.3289 7.73304
-20.3413 7.70023
-20.3537 7.66741
-20.3661 7.63456
-20.3783 7.60169
-20.3906 7.56881
-20.4028 7.53591
-20.4149 7.50298
-20.427 7.47004
-20.439 7.43707
-20.451 7.40409
-20.4629 7.37109
-20.4747 7.33807
-20.4866 7.30503
-20.4983 7.27197
-20.51 7.23889
-20.5217 7.2058
-20.5333 7.17268
-20.5448 7.13955
-20.5563 7.10639
-20.5275 7.08244
-20.5011 7.0513
-20.4747 7.02016
-20.4482 6.98901
-20.4218 6.95786
-20.3953 6.9267
-20.3689 6.89553
-20.3424 6.86436
-20.3158 6.83318
-20.2893 6.80199
-20.2627 6.77079
-20.2362 6.73959
-20.2096 6.70839
-20.1829 6.67717
-20.1563 6.64595
-20.1296 6.61472
-20.1029 6.58349
-20.0762 6.55225
-20.0495 6.521
-20.0228 6.48975
-19.996 6.45849
-19.9692 6.42722
-19.9424 6.39594
-19.9156 6.36466
-19.8888 6.33337
-19.8619 6.30208
-19.835 6.27078
-19.8081 6.23947
-19.7811 6.20815
-19.7542 6.17683
-19.7272 6.1455
-19.7002 6.11417
-19.6732 6.08282
-19.6461 6.05147
-19.6191 6.02012
-19.592 5.98875
-19.5649 5.95738
-19.5377 5.926
-19.5106 5.89462
-19.4834 5.86323
-19.4562 5.83183
-19.4289 5.80042
-19.4017 5.76901
-19.3744 5.73759
-19.3471 5.70616
-19.3198 5.67473
-19.2924 5.64329
-19.2651 5.61184
-19.2377 5.58038
-19.2103 5.54892
-19.1828 5.51745
-19.1553 5.48598
-19.1278 5.45449
-19.1003 5.423
-19.0728 5.3915
-19.0452 5.36
-19.0176 5.32849
-19.0176 5.32849
-19.0576 5.3159
-19.0975 5.30331
-19.1374 5.29071
-19.1773 5.2781
-19.2171 5.26549
-19.2569 5.25286
-19.2967 5.24024
-19.3365 5.2276
-19.3763 5.21496
-19.416 5.20231
-19.4557 5.18966
-19.4954 5.177
-19.535 5.16433
-19.5747 5.15166
-19.6143 5.13898
-19.6539 5.12629
-19.6934 5.1136
-19.733 5.1009
-19.7725 5.0882
-19.812 5.07549
-19.8514 5.06277
-19.8909 5.05005
-19.9303 5.03732
-19.9697 5.02459
-20.0091 5.01185
-20.0484 4.9991
-20.0877 4.98635
-20.127 4.9736
-20.1663 4.96084
-20.2056 4.94807
-20.2448 4.9353
-20.2841 4.92252
-20.3233 4.90973
-20.3624 4.89695
-20.4016 4.88415
-20.4407 4.87135
-20.4798 4.85855
-20.5189 4.84574
-20.558 4.83293
-20.597 4.82011
-20.6361 4.80728
-20.6751 4.79446
-20.714 4.78162
-20.753 4.76878
-20.7919 4.75594
-20.8309 4.74309
-20.8698 4.73024
-20.9087 4.71738
-20.9475 4.70452
-20.9864 4.69166
-21.0252 4.67878
-21.064 4.66591
-21.1028 4.65303
-21.1415 4.64015
-21.1803 4.62726
-21.219 4.61437
-21.2561 4.60889
-21.2635 4.57459
-21.2708 4.54028
-21.2781 4.50596
-21.2854 4.47163
-21.2926 4.43728
-21.2997 4.40293
-21.3068 4.36856
-21.3138 4.33418
-21.3207 4.29979
-21.3277 4.26539
-21.3345 4.23098
-21.3413 4.19656
-21.348 4.16212
-21.3547 4.12768
-21.3614 4.09322
-21.3679 4.05876
-21.3745 4.02428
-21.3809 3.98979
-21.3873 3.9553
-21.3937 3.92079
-21.4 3.88627
-21.4062 3.85174
-21.4124 3.8172
-21.4185 3.78266
-21.4246 3.7481
-21.4306 3.71353
-21.4366 3.67895
-21.4425 3.64437
-21.4484 3.60977
-21.4542 3.57516
-21.4599 3.54055
-21.4656 3.50592
-21.4712 3.47129
-21.4768 3.43665
-21.4823 3.402
-21.4878 3.36734
-21.4932 3.33267
-21.4985 3.29799
-21.5038 3.2633
-21.509 3.22861
-21.5142 3.19391
-21.5193 3.15919
-21.5244 3.12447
-21.5294 3.08975
-21.5344 3.05501
-21.5393 3.02027
-21.5554 2.90296
-21.5601 2.86818
-21.5647 2.8334
-21.5692 2.79861
-21.5737 2.76381
-21.5781 2.729
-21.5825 2.69419
-21.5868 2.65936
-21.5911 2.62454
-21.5953 2.5897
-21.5994 2.55486
-21.6035 2.52001
-21.6076 2.48516
-21.6115 2.4503
-21.6155 2.41543
-21.6193 2.38055
-21.6231 2.34567
-21.6269 2.31079
-21.6306 2.2759
-21.6342 2.241
-21.6378 2.20609
-21.6414 2.17119
-21.6448 2.13627
-21.6483 2.10135
-21.6516 2.06642
-21.6549 2.03149
-21.6582 1.99655
-21.6614 1.96161
-21.6645 1.92666
-21.6676 1.89171
-21.6706 1.85676
-21.6736 1.82179
-21.6765 1.78683
-21.6793 1.75185
-21.6821 1.71688
-21.6849 1.6819
-21.6876 1.64691
-21.6902 1.61192
-21.6928 1.57693
-21.6953 1.54193
-21.6977 1.50693
-21.7001 1.47193
-21.7025 1.43692
-21.7048 1.4019
-21.707 1.36689
-21.7092 1.33187
-21.7113 1.29684
-21.6771 1.28156
-21.6433 1.2587
-21.6094 1.23584
-21.5756 1.21297
-21.5417 1.19011
-21.5078 1.16724
-21.4739 1.14437
-21.44 1.12151
-21.406 1.09864
-21.3721 1.07577
-21.3381 1.05289
-21.3041 1.03002
-21.27 1.00715
-21.236 0.984275
-21.2019 0.961399
-21.1678 0.938523
-21.1337 0.915646
-21.0995 0.892767
-21.0654 0.869888
-21.0312 0.847008
-20.997 0.824127
-20.9628 0.801245
-20.9285 0.778363
-20.8942 0.755479
-20.8599 0.732595
-20.8256 0.70971
-20.7913 0.686824
-20.7569 0.663937
-20.7225 0.64105
-20.6881 0.618162
-20.6537 0.595273
-20.6192 0.572384
-20.5848 0.549494
-20.5503 0.526603
-20.5157 0.503712
-20.4812 0.48082
-20.4466 0.457928
-20.412 0.435035
-20.3774 0.412141
-20.3428 0.389247
-20.3081 0.366353
-20.2734 0.343458
-20.2387 0.320563
-20.2039 0.297667
-20.1692 0.274771
-20.1344 0.251875
-20.0996 0.228978
-20.0647 0.206081
-20.0299 0.183184
-19.995 0.160286
-19.9601 0.137389
-19.9251 0.114491
-19.8901 0.0915929
-19.8551 0.0686947
-19.8201 0.0457965
-19.7851 0.0228983
-19.75 1.33227e-15
-19.75 3.50509e-15
-19.7851 -0.0228983
-19.8201 -0.0457965
-19.8551 -0.0686947
-19.8901 -0.0915929
-19.9251 -0.114491
-19.9601 -0.137389
-19.995 -0.160286
-20.0299 -0.183184
-20.0647 -0.206081
-20.0996 -0.228978
-20.1344 -0.251875
-20.1692 -0.274771
-20.2039 -0.297667
-20.2387 -0.320563
-20.2734 -0.343458
-20.3081 -0.366353
-20.3428 -0.389247
-20.3774 -0.412141
-20.412 -0.435035
-20.4466 -0.457928
-20.4812 -0.48082
-20.5157 -0.503712
-20.5503 -0.526603
-20.5848 -0.549494
-20.6192 -0.572384
-20.6537 -0.595273
-20.6881 -0.618162
-20.7225 -0.64105
-20.7569 -0.663937
-20.7913 -0.686824
-20.8256 -0.70971
-20.8599 -0.732595
-20.8942 -0.755479
-20.9285 -0.778363
-20.9628 -0.801245
-20.997 -0.824127
-21.0312 -0.847008
-21.0654 -0.869888
-21.0995 -0.892767
-21.1337 -0.915646
-21.1678 -0.938523
-21.2019 -0.961399
-21.236 -0.984275
-21.27 -1.00715
-21.3041 -1.03002
-21.3381 -1.05289
-21.3721 -1.07577
-21.406 -1.09864
-21.44 -1.12151
-21.4739 -1.14437
-21.5078 -1.16724
-21.5417 -1.19011
-21.5756 -1.21297
-21.6094 -1.23584
-21.6433 -1.2587
-21.6771 -1.28156
-21.7113 -1.29684
-21.7092 -1.33187
-21.707 -1.36689
-21.7048 -1.4019
-21.7025 -1.43692
-21.7001 -1.47193
-21.6977 -1.50693
-21.6953 -1.54193
-21.6928 -1.57693
-21.6902 -1.61192
-21.6876 -1.64691
-21.6849 -1.6819
-21.6821 -1.71688
-21.6793 -1.75185
-21.6765 -1.78683
-21.6736 -1.82179
-21.6706 -1.85676
-21.6676 -1.89171
-21.6645 -1.92666
-21.6614 -1.96161
-21.6582 -1.99655
-21.6549 -2.03149
-21.6516 -2.06642
-21.6483 -2.10135
-21.6448 -2.13627
-21.6414 -2.17119
-21.6378 -2.20609
-21.6342 -2.241
-21.6306 -2.2759
-21.6269 -2.31079
-21.6231 -2.34567
-21.6193 -2.38055
-21.6155 -2.41543
-21.6115 -2.4503
-21.6076 -2.48516
-21.6035 -2.52001
-21.5994 -2.55486
-21.5953 -2.5897
-21.5911 -2.62454
-21.5868 -2.65936
-21.5825 -2.69419
-21.5781 -2.729
-21.5737 -2.76381
-21.5692 -2.79861
-21.5647 -2.8334
-21.5601 -2.86818
-21.5554 -2.90296
-21.5393 -3.02027
-21.5344 -3.05501
-21.5294 -3.08975
-21.5244 -3.12447
-21.5193 -3.15919
-21.5142 -3.19391
-21.509 -3.22861
-21.5038 -3.2633
-21.4985 -3.29799
-21.4932 -3.33267
-21.4878 -3.36734
-21.4823 -3.402
-21.4768 -3.43665
-21.4712 -3.47129
-21.4656 -3.50592
-21.4599 -3.54055
-21.4542 -3.57516
-21.4484 -3.60977
-21.4425 -3.64437
-21.4366 -3.67895
-21.4306 -3.71353
-21.4246 -3.7481
-21.4185 -3.78266
-21.4124 -3.8172
-21.4062 -3.85174
-21.4 -3.88627
-21.3937 -3.92079
-21.3873 -3.9553
-21.3809 -3.98979
-21.3745 -4.02428
-21.3679 -4.05876
-21.3614 -4.09322
-21.3547 -4.12768
-21.348 -4.16212
-21.3413 -4.19656
-21.3345 -4.23098
-21.3277 -4.26539
-21.3207 -4.29979
-21.3138 -4.33418
-21.3068 -4.36856
-21.2997 -4.40293
-21.2926 -4.43728
-21.2854 -4.47163
-21.2781 -4.50596
-21.2708 -4.54028
-21.2635 -4.57459
-21.2561 -4.60889
-21.219 -4.61437
-21.1803 -4.62726
-21.1415 -4.64015
-21.1028 -4.65303
-21.064 -4.66591
-21.0252 -4.67878
-20.9864 -4.69166
-20.9475 -4.70452
-20.9087 -4.71738
-20.8698 -4.73024
-20.8309 -4.74309
-20.7919 -4.75594
-20.753 -4.76878
-20.714 -4.78162
-20.6751 -4.79446
-20.6361 -4.80728
-20.597 -4.82011
-20.558 -4.83293
-20.5189 -4.84574
-20.4798 -4.85855
-20.4407 -4.87135
-20.4016 -4.88415
-20.3624 -4.89695
-20.3233 -4.90973
-20.2841 -4.92252
-20.2448 -4.9353
-20.2056 -4.94807
-20.1663 -4.96084
-20.127 -4.9736
-20.0877 -4.98635
-20.0484 -4.9991
-20.0091 -5.01185
-19.9697 -5.02459
-19.9303 -5.03732
-19.8909 -5.05005
-19.8514 -5.06277
-19.812 -5.07549
-19.7725 -5.0882
-19.733 -5.1009
-19.6934 -5.1136
-19.6539 -5.12629
-19.6143 -5.13898
-19.5747 -5.15166
-19.535 -5.16433
-19.4954 -5.177
-19.4557 -5.18966
-19.416 -5.20231
-19.3763 -5.21496
-19.3365 -5.2276
-19.2967 -5.24024
-19.2569 -5.25286
-19.2171 -5.26549
-19.1773 -5.2781
-19.1374 -5.29071
-19.0975 -5.30331
-19.0576 -5.3159
-19.0176 -5.32849
-19.0176 -5.32849
-19.0452 -5.36
-19.0728 -5.3915
-19.1003 -5.423
-19.1278 -5.45449
-19.1553 -5.48598
-19.1828 -5.51745
-19.2103 -5.54892
-19.2377 -5.58038
-19.2651 -5.61184
-19.2924 -5.64329
-19.3198 -5.67473
-19.3471 -5.70616
-19.3744 -5.73759
-19.4017 -5.76901
-19.4289 -5.80042
-19.4562 -5.83183
-19.4834 -5.86323
-19.5106 -5.89462
-19.5377 -5.926
-19.5649 -5.95738
-19.592 -5.98875
-19.6191 -6.02012
-19.6461 -6.05147
-19.6732 -6.08282
-19.7002 -6.11417
-19.7272 -6.1455
-19.7542 -6.17683
-19.7811 -6.20815
-19.8081 -6.23947
-19.835 -6.27078
-19.8619 -6.30208
-19.8888 -6.33337
-19.9156 -6.36466
-19.9424 -6.39594
-19.9692 -6.42722
-19.996 -6.45849
-20.0228 -6.48975
-20.0495 -6.521
-20.0762 -6.55225
-20.1029 -6.58349
-20.1296 -6.61472
-20.1563 -6.64595
-20.1829 -6.67717
-20.2096 -6.70839
-20.2362 -6.73959
-20.2627 -6.77079
-20.2893 -6.80199
-20.3158 -6.83318
-20.3424 -6.86436
-20.3689 -6.89553
-20.3953 -6.9267
-20.4218 -6.95786
-20.4482 -6.98901
-20.4747 -7.02016
-20.5011 -7.0513
-20.5275 -7.08244
-20.5563 -7.10639
-20.5448 -7.13955
-20.5333 -7.17268
-20.5217 -7.2058
-20.51 -7.23889
-20.4983 -7.27197
-20.4866 -7.30503
-20.4747 -7.33807
-20.4629 -7.37109
-20.451 -7.40409
-20.439 -7.43707
-20.427 -7.47004
-20.4149 -7.50298
-20.4028 -7.53591
-20.3906 -7.56881
-20.3783 -7.60169
-20.3661 -7.63456
-20.3537 -7.66741
-20.3413 -7.70023
-20.3289 -7.73304
-20.3164 -7.76582
-20.3038 -7.79859
-20.2912 -7.83133
-20.2785 -7.86405
-20.2658 -7.89676
-20.2531 -7.92944
-20.2402 -7.9621
-20.2274 -7.99474
-20.2144 -8.02737
-20.2015 -8.05997
-20.1884 -8.09255
-20.1754 -8.1251
-20.1622 -8.15764
-20.149 -8.19016
-20.1358 -8.22265
-20.1225 -8.25512
-20.1092 -8.28757
-20.0958 -8.32
-20.0823 -8.35241
-20.0688 -8.3848
-20.0553 -8.41716
-20.0417 -8.44951
-20.028 -8.48183
-20.0143 -8.51413
-20.0005 -8.5464
-19.9867 -8.57866
-19.9729 -8.61089
-19.9257 -8.71949
-19.9116 -8.75163
-19.8974 -8.78374
-19.8833 -8.81583
-19.869 -8.84789
-19.8547 -8.87993
-19.8404 -8.91195
-19.826 -8.94395
-19.8115 -8.97592
-19.797 -9.00787
-19.7824 -9.03979
-19.7678 -9.07169
-19.7532 -9.10357
-19.7385 -9.13543
-19.7237 -9.16726
-19.7089 -9.19906
-19.694 -9.23085
-19.6791 -9.26261
-19.6641 -9.29434
-19.6491 -9.32605
-19.634 -9.35774
-19.6189 -9.3894
-19.6037 -9.42104
-19.5885 -9.45265
-19.5732 -9.48424
-19.5579 -9.5158
-19.5425 -9.54734
-19.5271 -9.57886
-19.5116 -9.61035
-19.4961 -9.64181
-19.4805 -9.67325
-19.4649 -9.70466
-19.4492 -9.73605
-19.4335 -9.76741
-19.4177 -9.79875
-19.4019 -9.83007
-19.386 -9.86135
-19.37 -9.89261
-19.3541 -9.92385
-19.338 -9.95506
-19.3219 -9.98624
-19.3058 -10.0174
-19.2896 -10.0485
-19.2734 -10.0796
-19.2571 -10.1107
-19.2408 -10.1418
-19.2244 -10.1728
-19.1872 -10.1681
-19.1464 -10.17
-19.1056 -10.172
-19.0648 -10.1739
-19.024 -10.1759
-18.9832 -10.1778
-18.9423 -10.1797
-18.9015 -10.1816
-18.8606 -10.1835
-18.8197 -10.1854
-18.7787 -10.1873
-18.7378 -10.1892
-18.6968 -10.191
-18.6558 -10.1929
-18.6148 -10.1947
-18.5738 -10.1966
-18.5328 -10.1984
-18.4917 -10.2002
-18.4506 -10.202
-18.4096 -10.2038
-18.3684 -10.2055
-18.3273 -10.2073
-18.2862 -10.2091
-18.245 -10.2108
-18.2038 -10.2126
-18.1626 -10.2143
-18.1213 -10.216
-18.0801 -10.2177
-18.0388 -10.2194
-17.9975 -10.2211
-17.9562 -10.2227
-17.9149 -10.2244
-17.8735 -10.226
-17.8322 -10.2277
-17.7908 -10.2293
-17.7494 -10.2309
-17.7079 -10.2325
-17.6665 -10.2341
-17.625 -10.2356
-17.5835 -10.2372
-17.542 -10.2387
-17.5004 -10.2403
-17.4589 -10.2418
-17.4173 -10.2433
-17.3757 -10.2448
-17.3341 -10.2463
-17.2924 -10.2478
-17.2508 -10.2492
-17.2091 -10.2507
-17.1674 -10.2521
-17.1256 -10.2535
-17.0839 -10.2549
-17.0421 -10.2563
-17.0003 -10.2577
-16.9585 -10.2591
-16.9166 -10.2604
-16.8748 -10.2618
-16.8748 -10.2618
-16.8929 -10.2996
-16.9109 -10.3373
-16.9289 -10.3751
-16.9469 -10.4129
-16.9649 -10.4506
-16.9829 -10.4883
-17.0008 -10.526
-17.0187 -10.5637
-17.0366 -10.6014
-17.0545 -10.6391
-17.0723 -10.6767
-17.0902 -10.7144
-17.108 -10.752
-17.1258 -10.7896
-17.1435 -10.8272
-17.1613 -10.8648
-17.179 -10.9024
-17.1967 -10.9399
-17.2144 -10.9775
-17.2321 -11.015
-17.2497 -11.0525
-17.2673 -11.09
-17.2849 -11.1275
-17.3025 -11.165
-17.3201 -11.2025
-17.3376 -11.2399
-17.3552 -11.2774
-17.3727 -11.3148
-17.3902 -11.3522
-17.4076 -11.3897
-17.4251 -11.4271
-17.4425 -11.4644
-17.4599 -11.5018
-17.4773 -11.5392
-17.4947 -11.5765
-17.512 -11.6138
-17.5294 -11.6512
-17.5467 -11.6885
-17.564 -11.7258
-17.5813 -11.7631
-17.5985 -11.8003
-17.6158 -11.8376
-17.633 -11.8749
-17.6502 -11.9121
-17.6674 -11.9493
-17.6846 -11.9865
-17.7018 -12.0237
-17.7189 -12.0609
-17.736 -12.0981
-17.7531 -12.1353
-17.7702 -12.1724
-17.7873 -12.2096
-17.8044 -12.2467
-17.8214 -12.2838
-17.8384 -12.3209
-17.8554 -12.358
-17.8767 -12.3889
-17.8567 -12.4177
-17.8367 -12.4465
-17.8166 -12.4753
-17.7964 -12.504
-17.7762 -12.5327
-17.756 -12.5613
-17.7357 -12.59
-17.7154 -12.6186
-17.695 -12.6471
-17.6746 -12.6757
-17.6541 -12.7042
-17.6336 -12.7326
-17.613 -12.7611
-17.5924 -12.7894
-17.5717 -12.8178
-17.551 -12.8461
-17.5303 -12.8744
-17.5095 -12.9027
-17.4887 -12.9309
-17.4678 -12.9591
-17.4469 -12.9873
-17.4259 -13.0154
-17.4049 -13.0435
-17.3838 -13.0716
-17.3627 -13.0996
-17.3415 -13.1276
-17.3203 -13.1556
-17.2991 -13.1835
-17.2778 -13.2114
-17.2565 -13.2392
-17.2351 -13.267
-17.2137 -13.2948
-17.1922 -13.3226
-17.1707 -13.3503
-17.1491 -13.378
-17.1275 -13.4056
-17.1059 -13.4333
-17.0842 -13.4608
-17.0624 -13.4884
-17.0406 -13.5159
-17.0188 -13.5434
-16.9969 -13.5708
-16.975 -13.5982
-16.9531 -13.6256
-16.9311 -13.6529
-16.909 -13.6802
-16.8343 -13.772
-16.8121 -13.7992
-16.7898 -13.8263
-16.7674 -13.8533
-16.7451 -13.8804
-16.7227 -13.9074
-16.7002 -13.9343
-16.6777 -13.9613
-16.6552 -13.9881
-16.6326 -14.015
-16.6099 -14.0418
-16.5873 -14.0686
-16.5645 -14.0953
-16.5418 -14.122
-16.519 -14.1487
-16.4961 -14.1753
-16.4732 -14.2019
-16.4503 -14.2285
-16.4273 -14.255
-16.4043 -14.2815
-16.3813 -14.3079
-16.3582 -14.3343
-16.335 -14.3607
-16.3118 -14.387
-16.2886 -14.4133
-16.2653 -14.4396
-16.242 -14.4658
-16.2186 -14.492
-16.1952 -14.5181
-16.1718 -14.5443
-16.1483 -14.5703
-16.1248 -14.5964
-16.1012 -14.6223
-16.0776 -14.6483
-16.054 -14.6742
-16.0303 -14.7001
-16.0065 -14.7259
-15.9828 -14.7517
-15.9589 -14.7775
-15.9351 -14.8032
-15.9112 -14.8289
-15.8872 -14.8546
-15.8632 -14.8802
-15.8392 -14.9058
-15.8152 -14.9313
-15.791 -14.9568
-15.7669 -14.9822
-15.7324 -14.9676
-15.6926 -14.9585
-15.6528 -14.9494
-15.613 -14.9403
-15.5731 -14.9311
-15.5333 -14.922
-15.4934 -14.9128
-15.4536 -14.9036
-15.4137 -14.8944
-15.3738 -14.8852
-15.3339 -14.876
-15.2939 -14.8667
-15.254 -14.8575
-15.214 -14.8482
-15.174 -14.8389
-15.1341 -14.8296
-15.094 -14.8203
-15.054 -14.8109
-15.014 -14.8016
-14.9739 -14.7922
-14.9339 -14.7828
-14.8938 -14.7734
-14.8537 -14.764
-14.8136 -14.7546
-14.7734 -14.7452
-14.7333 -14.7357
-14.6931 -14.7262
-14.6529 -14.7167
-14.6127 -14.7072
-14.5725 -14.6977
-14.5323 -14.6882
-14.4921 -14.6786
-14.4518 -14.669
-14.4115 -14.6594
-14.3712 -14.6498
-14.3309 -14.6402
-14.2906 -14.6306
-14.2502 -14.6209
-14.2099 -14.6112
-14.1695 -14.6015
-14.1291 -14.5918
-14.0887 -14.5821
-14.0483 -14.5724
-14.0078 -14.5626
-13.9674 -14.5528
-13.9269 -14.543
-13.8864 -14.5332
-13.8459 -14.5234
-13.8053 -14.5135
-13.7648 -14.5036
-13.7242 -14.4937
-13.6836 -14.4838
-13.643 -14.4739
-13.6024 -14.464
-13.5618 -14.454
-13.5211 -14.444
-13.4804 -14.434
-13.4804 -14.434
-13.4876 -14.4753
-13.4948 -14.5165
-13.502 -14.5577
-13.5091 -14.5989
-13.5163 -14.6401
-13.5234 -14.6813
-13.5305 -14.7224
-13.5376 -14.7636
-13.5446 -14.8047
-13.5517 -14.8458
-13.5587 -14.8869
-13.5657 -14.9279
-13.5727 -14.9689
-13.5797 -15.01
-13.5867 -15.051
-13.5936 -15.0919
-13.6005 -15.1329
-13.6075 -15.1739
-13.6144 -15.2148
-13.6212 -15.2557
-13.6281 -15.2966
-13.635 -15.3375
-13.6418 -15.3783
-13.6486 -15.4192
-13.6554 -15.46
-13.6622 -15.5008
-13.669 -15.5416
-13.6757 -15.5823
-13.6825 -15.6231
-13.6892 -15.6638
-13.6959 -15.7045
-13.7026 -15.7452
-13.7093 -15.7859
-13.716 -15.8266
-13.7226 -15.8672
-13.7293 -15.9079
-13.7359 -15.9485
-13.7425 -15.9891
-13.7491 -16.0297
-13.7557 -16.0702
-13.7622 -16.1108
-13.7688 -16.1513
-13.7753 -16.1918
-13.7819 -16.2323
-13.7884 -16.2728
-13.7949 -16.3133
-13.8014 -16.3537
-13.8078 -16.3942
-13.8143 -16.4346
-13.8207 -16.475
-13.8272 -16.5154
-13.8336 -16.5558
-13.84 -16.5961
-13.8464 -16.6365
-13.8528 -16.6768
-13.8591 -16.7171
-13.8713 -16.7526
-13.8443 -16.7749
-13.8172 -16.7972
-13.7901 -16.8195
-13.7629 -16.8417
-13.7358 -16.8639
-13.7085 -16.886
-13.6813 -16.9081
-13.654 -16.9302
-13.6267 -16.9522
-13.5993 -16.9742
-13.5719 -16.9961
-13.5445 -17.0179
-13.517 -17.0398
-13.4895 -17.0616
-13.4619 -17.0833
-13.4344 -17.105
-13.4067 -17.1266
-13.3791 -17.1482
-13.3514 -17.1698
-13.3237 -17.1913
-13.2959 -17.2128
-13.2682 -17.2342
-13.2403 -17.2556
-13.2125 -17.2769
-13.1846 -17.2982
-13.1567 -17.3195
-13.1287 -17.3407
-13.1007 -17.3618
-13.0727 -17.383
-13.0446 -17.404
-13.0165 -17.425
-12.9884 -17.446
-12.9603 -17.4669
-12.9321 -17.4878
-12.9038 -17.5087
-12.8756 -17.5295
-12.8473 -17.5502
-12.8189 -17.5709
-12.7906 -17.5916
-12.7622 -17.6122
-12.7338 -17.6327
-12.7053 -17.6533
-12.6768 -17.6737
-12.6483 -17.6942
-12.6197 -17.7146
-12.5911 -17.7349
-12.4944 -17.8032
-12.4656 -17.8233
-12.4369 -17.8434
-12.4081 -17.8634
-12.3792 -17.8834
-12.3504 -17.9034
-12.3215 -17.9233
-12.2925 -17.9431
-12.2636 -17.9629
-12.2346 -17.9827
-12.2056 -18.0024
-12.1765 -18.0221
-12.1474 -18.0417
-12.1183 -18.0613
-12.0891 -18.0808
-12.06 -18.1003
-12.0307 -18.1197
-12.0015 -18.1391
-11.9722 -18.1584
-11.9429 -18.1777
-11.9136 -18.197
-11.8842 -18.2162
-11.8548 -18.2353
-11.8254 -18.2544
-11.7959 -18.2735
-11.7664 -18.2925
-11.7369 -18.3114
-11.7073 -18.3303
-11.6777 -18.3492
-11.6481 -18.368
-11.6185 -18.3868
-11.5888 -18.4055
-11.5591 -18.4242
-11.5293 -18.4428
-11.4996 -18.4614
-11.4698 -18.4799
-11.44 -18.4984
-11.4101 -18.5168
-11.3802 -18.5352
-11.3503 -18.5535
-11.3204 -18.5718
-11.2904 -18.59
-11.2604 -18.6082
-11.2303 -18.6264
-11.2003 -18.6445
-11.1702 -18.6625
-11.1401 -18.6805
-11.1107 -18.6571
-11.0749 -18.6376
-11.039 -18.6181
-11.0031 -18.5986
-10.9673 -18.579
-10.9314 -18.5595
-10.8955 -18.5399
-10.8596 -18.5203
-10.8236 -18.5007
-10.7877 -18.481
-10.7518 -18.4614
-10.7158 -18.4417
-10.6798 -18.422
-10.6439 -18.4023
-10.6079 -18.3825
-10.5719 -18.3628
-10.5359 -18.343
-10.4998 -18.3232
-10.4638 -18.3034
-10.4278 -18.2836
-10.3917 -18.2638
-10.3556 -18.2439
-10.3196 -18.224
-10.2835 -18.2041
-10.2474 -18.1842
-10.2113 -18.1643
-10.1752 -18.1443
-10.139 -18.1243
-10.1029 -18.1043
-10.0667 -18.0843
-10.0306 -18.0643
-9.99441 -18.0442
-9.95822 -18.0241
-9.92202 -18.004
-9.88582 -17.9839
-9.8496 -17.9637
-9.81337 -17.9436
-9.77712 -17.9234
-9.74087 -17.9032
-9.7046 -17.883
-9.66833 -17.8627
-9.63204 -17.8424
-9.59574 -17.8222
-9.55942 -17.8018
-9.5231 -17.7815
-9.48676 -17.7611
-9.45042 -17.7408
-9.41406 -17.7204
-9.37769 -17.6999
-9.3413 -17.6795
-9.30491 -17.659
-9.2685 -17.6385
-9.23208 -17.618
-9.19565 -17.5975
-9.15921 -17.5769
-9.12275 -17.5563
-9.08628 -17.5357
-9.08628 -17.5357
-9.08209 -17.5774
-9.07788 -17.6191
-9.07366 -17.6607
-9.06943 -17.7023
-9.06519 -17.7439
-9.06094 -17.7854
-9.05667 -17.827
-9.05239 -17.8685
-9.04811 -17.91
-9.0438 -17.9515
-9.03949 -17.9929
-9.03517 -18.0343
-9.03084 -18.0757
-9.02649 -18.1171
-9.02213 -18.1585
-9.01777 -18.1998
-9.01339 -18.2411
-9.009 -18.2824
-9.0046 -18.3237
-9.00019 -18.3649
-8.99577 -18.4062
-8.99134 -18.4474
-8.9869 -18.4886
-8.98245 -18.5297
-8.97798 -18.5709
-8.97351 -18.612
-8.96903 -18.6531
-8.96454 -18.6942
-8.96004 -18.7352
-8.95552 -18.7763
-8.951 -18.8173
-8.94647 -18.8583
-8.94193 -18.8993
-8.93738 -18.9402
-8.93282 -18.9812
-8.92825 -19.0221
-8.92367 -19.063
-8.91908 -19.1038
-8.91449 -19.1447
-8.90988 -19.1855
-8.90526 -19.2264
-8.90064 -19.2672
-8.89601 -19.3079
-8.89136 -19.3487
-8.88671 -19.3894
-8.88205 -19.4302
-8.87738 -19.4709
-8.87271 -19.5115
-8.86802 -19.5522
-8.86332 -19.5929
-8.85862 -19.6335
-8.85391 -19.6741
-8.84919 -19.7147
-8.84446 -19.7553
-8.83973 -19.7958
-8.83498 -19.8363
-8.83716 -19.8738
-8.80509 -19.888
-8.77299 -19.9022
-8.74088 -19.9163
-8.70874 -19.9304
-8.67657 -19.9444
-8.64439 -19.9584
-8.61218 -19.9723
-8.57995 -19.9862
-8.54769 -20
-8.51542 -20.0137
-8.48312 -20.0275
-8.4508 -20.0411
-8.41846 -20.0547
-8.38609 -20.0683
-8.35371 -20.0818
-8.3213 -20.0952
-8.28887 -20.1086
-8.25642 -20.122
-8.22395 -20.1353
-8.19146 -20.1485
-8.15894 -20.1617
-8.1264 -20.1748
-8.09385 -20.1879
-8.06127 -20.201
-8.02867 -20.2139
-7.99605 -20.2269
-7.96341 -20.2397
-7.93075 -20.2525
-7.89806 -20.2653
-7.86536 -20.278
-7.83264 -20.2907
-7.79989 -20.3033
-7.76713 -20.3159
-7.73435 -20.3284
-7.70154 -20.3408
-7.66872 -20.3532
-7.63587 -20.3656
-7.60301 -20.3778
-7.57013 -20.3901
-7.53722 -20.4023
-7.5043 -20.4144
-7.47136 -20.4265
-7.43839 -20.4385
-7.40541 -20.4505
-7.37241 -20.4624
-7.33939 -20.4743
-7.22782 -20.5139
-7.19472 -20.5256
-7.16159 -20.5371
-7.12845 -20.5487
-7.09529 -20.5601
-7.06212 -20.5716
-7.02892 -20.5829
-6.99571 -20.5942
-6.96247 -20.6055
-6.92922 -20.6167
-6.89596 -20.6279
-6.86267 -20.639
-6.82937 -20.65
-6.79604 -20.661
-6.7627 -20.6719
-6.72935 -20.6828
-6.69597 -20.6936
-6.66258 -20.7044
-6.62917 -20.7151
-6.59574 -20.7258
-6.5623 -20.7364
-6.52884 -20.747
-6.49536 -20.7575
-6.46186 -20.7679
-6.42835 -20.7783
-6.39482 -20.7887
-6.36128 -20.799
-6.32772 -20.8092
-6.29414 -20.8194
-6.26054 -20.8295
-6.22693 -20.8396
-6.19331 -20.8496
-6.15966 -20.8596
-6.126 -20.8695
-6.09233 -20.8793
-6.05864 -20.8891
-6.02493 -20.8989
-5.99121 -20.9086
-5.95747 -20.9182
-5.92372 -20.9278
-5.88995 -20.9373
-5.85616 -20.9468
-5.82236 -20.9562
-5.78855 -20.9656
-5.75472 -20.9749
-5.72087 -20.9841
-5.68702 -20.9933
-5.66508 -20.9629
-5.63582 -20.9345
-5.60655 -20.906
-5.57728 -20.8775
-5.54801 -20.849
-5.51872 -20.8205
-5.48944 -20.7919
-5.46014 -20.7634
-5.43084 -20.7348
-5.40154 -20.7062
-5.37223 -20.6776
-5.34292 -20.6489
-5.3136 -20.6202
-5.28427 -20.5915
-5.25494 -20.5628
-5.22561 -20.5341
-5.19627 -20.5054
-5.16692 -20.4766
-5.13757 -20.4478
-5.10822 -20.419
-5.07885 -20.3901
-5.04949 -20.3613
-5.02011 -20.3324
-4.99074 -20.3035
-4.96135 -20.2746
-4.93197 -20.2456
-4.90257 -20.2167
-4.87317 -20.1877
-4.84377 -20.1587
-4.81436 -20.1297
-4.78494 -20.1006
-4.75552 -20.0715
-4.7261 -20.0424
-4.69667 -20.0133
-4.66723 -19.9842
-4.63779 -19.955
-4.60834 -19.9258
-4.57889 -19.8966
-4.54943 -19.8673
-4.51996 -19.8381
-4.4905 -19.8088
-4.46102 -19.7795
-4.43154 -19.7502
-4.40206 -19.7208
-4.37257 -19.6914
-4.34307 -19.662
-4.31357 -19.6326
-4.28406 -19.6031
-4.25455 -19.5737
-4.22503 -19.5441
-4.19551 -19.5146
-4.16598 -19.4851
-4.13645 -19.4555
-4.10691 -19.4259
-4.07736 -19.3962
-4.04781 -19.3666
-4.01826 -19.3369
-4.01826 -19.3369
-4.00297 -19.3759
-3.98768 -19.4149
-3.97239 -19.4538
-3.95709 -19.4928
-3.94179 -19.5317
-3.92648 -19.5705
-3.91116 -19.6094
-3.89584 -19.6482
-3.88052 -19.687
-3.86519 -19.7258
-3.84986 -19.7645
-3.83452 -19.8032
-3.81917 -19.8419
-3.80383 -19.8806
-3.78847 -19.9192
-3.77311 -19.9579
-3.75775 -19.9965
-3.74239 -20.0351
-3.72702 -20.0736
-3.71164 -20.1121
-3.69626 -20.1506
-3.68088 -20.1891
-3.66549 -20.2276
-3.6501 -20.266
-3.6347 -20.3044
-3.6193 -20.3428
-3.60389 -20.3812
-3.58848 -20.4195
-3.57307 -20.4579
-3.55765 -20.4962
-3.54223 -20.5344
-3.52681 -20.5727
-3.51138 -20.6109
-3.49595 -20.6491
-3.48051 -20.6873
-3.46507 -20.7255
-3.44963 -20.7636
-3.43418 -20.8018
-3.41873 -20.8399
-3.40328 -20.8779
-3.38782 -20.916
-3.37236 -20.954
-3.3569 -20.9921
-3.34143 -21.0301
-3.32596 -21.068
-3.31049 -21.106
-3.29501 -21.1439
-3.27953 -21.1818
-3.26405 -21.2197
-3.24856 -21.2576
-3.23307 -21.2955
-3.21758 -21.3333
-3.20208 -21.3711
-3.18658 -21.4089
-3.17108 -21.4467
-3.15557 -21.4844
-3.14758 -21.521
-3.11285 -21.5261
-3.07812 -21.5311
-3.04338 -21.536
-3.00864 -21.5409
-2.97388 -21.5457
-2.93912 -21.5505
-2.90435 -21.5552
-2.86957 -21.5599
-2.83479 -21.5645
-2.8 -21.569
-2.7652 -21.5735
-2.73039 -21.5779
-2.69558 -21.5823
-2.66076 -21.5866
-2.62593 -21.5909
-2.59109 -21.5951
-2.55625 -21.5993
-2.52141 -21.6034
-2.48655 -21.6074
-2.45169 -21.6114
-2.41682 -21.6153
-2.38195 -21.6192
-2.34707 -21.623
-2.31218 -21.6267
-2.27729 -21.6305
-2.24239 -21.6341
-2.20749 -21.6377
-2.17258 -21.6412
-2.13767 -21.6447
-2.10275 -21.6481
-2.06782 -21.6515
-2.03289 -21.6548
-1.99795 -21.658
-1.96301 -21.6612
-1.92806 -21.6644
-1.89311 -21.6675
-1.85815 -21.6705
-1.82319 -21.6735
-1.78822 -21.6764
-1.75325 -21.6792
-1.71828 -21.682
-1.6833 -21.6848
-1.64831 -21.6875
-1.61332 -21.6901
-1.57833 -21.6927
-1.54333 -21.6952
-1.4252 -21.7033
-1.39019 -21.7055
-1.35517 -21.7077
-1.32015 -21.7099
-1.28512 -21.712
-1.25009 -21.714
-1.21506 -21.716
-1.18003 -21.718
-1.14499 -21.7198
-1.10995 -21.7217
-1.07491 -21.7234
-1.03986 -21.7251
-1.00481 -21.7268
-0.969761 -21.7284
-0.934706 -21.7299
-0.89965 -21.7314
-0.864591 -21.7328
-0.82953 -21.7342
-0.794467 -21.7355
-0.759401 -21.7367
-0.724334 -21.7379
-0.689265 -21.7391
-0.654194 -21.7402
-0.619121 -21.7412
-0.584047 -21.7422
-0.548971 -21.7431
-0.513894 -21.7439
-0.478815 -21.7447
-0.443736 -21.7455
-0.408655 -21.7462
-0.373573 -21.7468
-0.33849 -21.7474
-0.303406 -21.7479
-0.268321 -21.7483
-0.233236 -21.7487
-0.19815 -21.7491
-0.163063 -21.7494
-0.127976 -21.7496
-0.0928889 -21.7498
-0.0578014 -21.7499
-0.0227137 -21.75
0.012374 -21.75
0.0474617 -21.7499
0.0825492 -21.7498
0.117637 -21.7497
0.152724 -21.7495
0.18781 -21.7492
0.200723 -21.714
0.221224 -21.6787
0.241725 -21.6434
0.262226 -21.6081
0.282726 -21.5727
0.303226 -21.5373
0.323726 -21.5019
0.344225 -21.4665
0.364724 -21.4311
0.385223 -21.3957
0.405721 -21.3602
0.426219 -21.3247
0.446717 -21.2892
0.467214 -21.2536
0.487711 -21.2181
0.508207 -21.1825
0.528702 -21.1469
0.549198 -21.1113
0.569692 -21.0756
0.590186 -21.04
0.610679 -21.0043
0.631172 -20.9686
0.651664 -20.9328
0.672155 -20.8971
0.692646 -20.8613
0.713136 -20.8255
0.733625 -20.7897
0.754113 -20.7538
0.774601 -20.718
0.795087 -20.6821
0.815573 -20.6462
0.836058 -20.6102
0.856542 -20.5743
0.877025 -20.5383
0.897506 -20.5023
0.917987 -20.4663
0.938467 -20.4302
0.958946 -20.3941
0.979423 -20.358
0.9999 -20.3219
1.02037 -20.2858
1.04085 -20.2496
1.06132 -20.2134
1.08179 -20.1772
1.10226 -20.1409
1.12273 -20.1046
1.1432 -20.0683
1.16367 -20.032
1.18413 -19.9957
1.20459 -19.9593
1.22505 -19.9229
1.24551 -19.8865
1.26597 -19.85
1.28643 -19.8135
1.30688 -19.777
1.32734 -19.7405
1.34779 -19.704
1.34779 -19.704
1.37303 -19.7374
1.39826 -19.7708
1.4235 -19.8042
1.44873 -19.8375
1.47396 -19.8708
1.49919 -19.9041
1.52442 -19.9374
1.54964 -19.9707
1.57487 -20.0039
1.60009 -20.0371
1.62531 -20.0703
1.65052 -20.1034
1.67574 -20.1365
1.70095 -20.1696
1.72616 -20.2027
1.75137 -20.2358
1.77658 -20.2688
1.80178 -20.3018
1.82699 -20.3348
1.85219 -20.3677
1.87739 -20.4006
1.90258 -20.4335
1.92778 -20.4664
1.95297 -20.4993
1.97816 -20.5321
2.00334 -20.5649
2.02853 -20.5977
2.05371 -20.6305
2.07889 -20.6632
2.10407 -20.696
2.12925 -20.7286
2.15442 -20.7613
2.17959 -20.794
2.20476 -20.8266
2.22993 -20.8592
2.25509 -20.8918
2.28025 -20.9244
2.30541 -20.9569
2.33057 -20.9894
2.35572 -21.0219
2.38088 -21.0544
2.40603 -21.0869
2.43117 -21.1193
2.45632 -21.1517
2.48146 -21.1841
2.5066 -21.2165
2.53174 -21.2488
2.55687 -21.2812
2.58201 -21.3135
2.60714 -21.3458
2.63227 -21.378
2.65739 -21.4103
2.68251 -21.4425
2.70763 -21.4747
2.73275 -21.5069
2.75787 -21.5391
2.77545 -21.5722
2.81025 -21.5677
2.84504 -21.5631
2.87982 -21.5585
2.9146 -21.5538
2.94937 -21.5491
2.98413 -21.5443
3.01888 -21.5395
3.05362 -21.5346
3.08836 -21.5296
3.12309 -21.5246
3.15781 -21.5195
3.19252 -21.5144
3.22722 -21.5092
3.26192 -21.504
3.2966 -21.4987
3.33128 -21.4934
3.36595 -21.488
3.40061 -21.4825
3.43526 -21.477
3.46991 -21.4714
3.50454 -21.4658
3.53916 -21.4601
3.57378 -21.4544
3.60839 -21.4486
3.64298 -21.4427
3.67757 -21.4368
3.71215 -21.4309
3.74672 -21.4249
3.78127 -21.4188
3.81582 -21.4127
3.85036 -21.4065
3.88489 -21.4002
3.91941 -21.3939
3.95392 -21.3876
3.98841 -21.3812
4.0229 -21.3747
4.05738 -21.3682
4.09184 -21.3616
4.1263 -21.355
4.16075 -21.3483
4.19518 -21.3416
4.2296 -21.3348
4.26402 -21.3279
4.29842 -21.321
4.33281 -21.3141
4.36719 -21.307
4.48312 -21.283
4.51745 -21.2757
4.55176 -21.2684
4.58607 -21.261
4.62036 -21.2536
4.65464 -21.2461
4.68891 -21.2386
4.72317 -21.231
4.75741 -21.2233
4.79164 -21.2156
4.82586 -21.2079
4.86007 -21.2001
4.89426 -21.1922
4.92844 -21.1843
4.96261 -21.1763
4.99677 -21.1682
5.03091 -21.1602
5.06504 -21.152
5.09916 -21.1438
5.13326 -21.1356
5.16735 -21.1273
5.20143 -21.1189
5.23549 -21.1105
5.26954 -21.102
5.30357 -21.0935
5.3376 -21.0849
5.3716 -21.0763
5.4056 -21.0676
5.43958 -21.0588
5.47354 -21.05
5.50749 -21.0412
5.54143 -21.0322
5.57535 -21.0233
5.60926 -21.0142
5.64316 -21.0052
5.67703 -20.996
5.7109 -20.9869
5.74475 -20.9776
5.77858 -20.9683
5.8124 -20.959
5.84621 -20.9496
5.87999 -20.9401
5.91377 -20.9306
5.94753 -20.921
5.98127 -20.9114
6.015 -20.9017
6.04871 -20.892
6.05164 -20.8546
6.06186 -20.8151
6.07208 -20.7756
6.08229 -20.736
6.09249 -20.6965
6.10269 -20.6569
6.11288 -20.6173
6.12306 -20.5776
6.13324 -20.538
6.14342 -20.4983
6.15358 -20.4586
6.16375 -20.4189
6.1739 -20.3792
6.18405 -20.3394
6.19419 -20.2997
6.20433 -20.2599
6.21446 -20.2201
6.22459 -20.1802
6.2347 -20.1404
6.24482 -20.1005
6.25492 -20.0606
6.26502 -20.0207
6.27511 -19.9808
6.2852 -19.9408
6.29528 -19.9008
6.30535 -19.8608
6.31541 -19.8208
6.32547 -19.7808
6.33552 -19.7407
6.34556 -19.7006
6.3556 -19.6605
6.36563 -19.6204
6.37565 -19.5802
6.38567 -19.5401
6.39568 -19.4999
6.40568 -19.4597
6.41567 -19.4194
6.42566 -19.3791
6.43564 -19.3389
6.44561 -19.2985
6.45557 -19.2582
6.46552 -19.2179
6.47547 -19.1775
6.48541 -19.1371
6.49534 -19.0966
6.50526 -19.0562
6.51518 -19.0157
6.52509 -18.9752
6.53499 -18.9347
6.54488 -18.8942
6.55476 -18.8536
6.56463 -18.813
6.5745 -18.7724
6.58435 -18.7317
6.5942 -18.6911
6.60404 -18.6504
6.61387 -18.6097
6.61387 -18.6097
6.64719 -18.635
6.68051 -18.6604
6.71381 -18.6857
6.74711 -18.711
6.78039 -18.7363
6.81367 -18.7616
6.84694 -18.7868
6.8802 -18.812
6.91345 -18.8372
6.94669 -18.8624
6.97993 -18.8875
7.01315 -18.9126
7.04637 -18.9377
7.07958 -18.9628
7.11278 -18.9878
7.14597 -19.0128
7.17915 -19.0378
7.21232 -19.0628
7.24549 -19.0878
7.27865 -19.1127
7.31179 -19.1376
7.34493 -19.1625
7.37806 -19.1874
7.41119 -19.2122
7.4443 -19.237
7.47741 -19.2618
7.5105 -19.2866
7.54359 -19.3114
7.57667 -19.3361
7.60975 -19.3608
7.64281 -19.3855
7.67587 -19.4102
7.70891 -19.4348
7.74195 -19.4595
7.77498 -19.4841
7.80801 -19.5087
7.84102 -19.5332
7.87403 -19.5578
7.90703 -19.5823
7.94002 -19.6068
7.973 -19.6313
8.00597 -19.6558
8.03894 -19.6802
8.0719 -19.7046
8.10485 -19.7291
8.13779 -19.7534
8.17072 -19.7778
8.20365 -19.8022
8.23657 -19.8265
8.26948 -19.8508
8.30238 -19.8751
8.33527 -19.8994
8.36816 -19.9236
8.40104 -19.9479
8.43391 -19.9721
8.46677 -19.9963
8.49264 -20.0234
8.52493 -20.0097
8.5572 -19.9959
8.58945 -19.9821
8.62167 -19.9682
8.65387 -19.9543
8.68605 -19.9403
8.71821 -19.9262
8.75034 -19.9122
8.78245 -19.898
8.81454 -19.8838
8.84661 -19.8696
8.87865 -19.8553
8.91067 -19.8409
8.94267 -19.8265
8.97464 -19.8121
9.00659 -19.7976
9.03852 -19.783
9.07042 -19.7684
9.1023 -19.7538
9.13415 -19.739
9.16599 -19.7243
9.19779 -19.7095
9.22958 -19.6946
9.26134 -19.6797
9.29307 -19.6647
9.32478 -19.6497
9.35647 -19.6346
9.38813 -19.6195
9.41977 -19.6043
9.45139 -19.5891
9.48298 -19.5739
9.51454 -19.5585
9.54608 -19.5432
9.5776 -19.5277
9.60909 -19.5123
9.64055 -19.4967
9.67199 -19.4811
9.70341 -19.4655
9.7348 -19.4498
9.76616 -19.4341
9.7975 -19.4183
9.82881 -19.4025
9.8601 -19.3866
9.89136 -19.3707
9.9226 -19.3547
9.95381 -19.3387
10.0589 -19.2842
10.09 -19.2679
10.1211 -19.2516
10.1522 -19.2353
10.1832 -19.2189
10.2142 -19.2024
10.2451 -19.1859
10.2761 -19.1694
10.307 -19.1528
10.3379 -19.1361
10.3687 -19.1194
10.3996 -19.1027
10.4304 -19.0859
10.4611 -19.069
10.4919 -19.0521
10.5226 -19.0352
10.5533 -19.0182
10.584 -19.0011
10.6146 -18.984
10.6452 -18.9669
10.6758 -18.9497
10.7064 -18.9324
10.7369 -18.9151
10.7674 -18.8978
10.7979 -18.8804
10.8283 -18.8629
10.8587 -18.8454
10.8891 -18.8279
10.9195 -18.8103
10.9498 -18.7927
10.9801 -18.775
11.0104 -18.7572
11.0406 -18.7395
11.0708 -18.7216
11.101 -18.7037
11.1312 -18.6858
11.1613 -18.6678
11.1914 -18.6498
11.2215 -18.6317
11.2515 -18.6136
11.2815 -18.5954
11.3115 -18.5772
11.3415 -18.5589
11.3714 -18.5406
11.4013 -18.5222
11.4312 -18.5038
11.461 -18.4853
11.4537 -18.4486
11.4529 -18.4078
11.4521 -18.3669
11.4513 -18.3261
11.4504 -18.2852
11.4495 -18.2444
11.4487 -18.2035
11.4478 -18.1626
11.4469 -18.1216
11.446 -18.0807
11.4451 -18.0397
11.4441 -17.9988
11.4432 -17.9578
11.4422 -17.9168
11.4413 -17.8757
11.4403 -17.8347
11.4393 -17.7936
11.4383 -17.7525
11.4373 -17.7114
11.4363 -17.6703
11.4353 -17.6292
11.4342 -17.588
11.4332 -17.5468
11.4321 -17.5056
11.431 -17.4644
11.4299 -17.4232
11.4288 -17.3819
11.4277 -17.3407
11.4266 -17.2994
11.4254 -17.2581
11.4243 -17.2167
11.4231 -17.1754
11.4219 -17.134
11.4207 -17.0926
11.4195 -17.0512
11.4183 -17.0098
11.4171 -16.9684
11.4158 -16.9269
11.4145 -16.8854
11.4133 -16.8439
11.412 -16.8024
11.4107 -16.7608
11.4094 -16.7193
11.408 -16.6777
11.4067 -16.6361
11.4053 -16.5944
11.404 -16.5528
11.4026 -16.5111
11.4012 -16.4694
11.3998 -16.4277
11.3983 -16.386
11.3969 -16.3442
11.3954 -16.3025
11.3939 -16.2607
11.3925 -16.2189
11.391 -16.177
11.3894 -16.1352
11.3894 -16.1352
11.4284 -16.1506
11.4673 -16.166
11.5062 -16.1814
11.5451 -16.1968
11.584 -16.2122
11.6228 -16.2275
11.6617 -16.2429
11.7005 -16.2582
11.7393 -16.2734
11.7781 -16.2887
11.8169 -16.3039
11.8556 -16.3192
11.8944 -16.3344
11.9331 -16.3495
11.9719 -16.3647
12.0106 -16.3798
12.0493 -16.395
12.088 -16.4101
12.1266 -16.4251
12.1653 -16.4402
12.2039 -16.4552
12.2425 -16.4703
12.2812 -16.4853
12.3198 -16.5003
12.3583 -16.5152
12.3969 -16.5302
12.4355 -16.5451
12.474 -16.56
12.5125 -16.5749
12.551 -16.5898
12.5895 -16.6046
12.628 -16.6195
12.6665 -16.6343
12.705 -16.6491
12.7434 -16.6639
12.7818 -16.6787
12.8203 -16.6934
12.8587 -16.7081
12.8971 -16.7228
12.9354 -16.7375
12.9738 -16.7522
13.0122 -16.7669
13.0505 -16.7815
13.0888 -16.7962
13.1271 -16.8108
13.1654 -16.8254
13.2037 -16.84
13.242 -16.8545
13.2803 -16.8691
13.3185 -16.8836
13.3567 -16.8981
13.395 -16.9126
13.4332 -16.9271
13.4714 -16.9416
13.5096 -16.956
13.5477 -16.9705
13.58 -16.9896
13.6074 -16.9677
13.6347 -16.9457
13.662 -16.9237
13.6893 -16.9016
13.7166 -16.8795
13.7438 -16.8574
13.771 -16.8352
13.7981 -16.8129
13.8252 -16.7907
13.8523 -16.7683
13.8793 -16.746
13.9063 -16.7236
13.9333 -16.7011
13.9602 -16.6786
13.9871 -16.6561
14.0139 -16.6335
14.0407 -16.6108
14.0675 -16.5882
14.0943 -16.5655
14.121 -16.5427
14.1476 -16.5199
14.1743 -16.4971
14.2009 -16.4742
14.2274 -16.4512
14.2539 -16.4283
14.2804 -16.4052
14.3069 -16.3822
14.3333 -16.3591
14.3597 -16.3359
14.386 -16.3128
14.4123 -16.2895
14.4385 -16.2663
14.4648 -16.2429
14.491 -16.2196
14.5171 -16.1962
14.5432 -16.1727
14.5693 -16.1493
14.5953 -16.1257
14.6213 -16.1022
14.6473 -16.0786
14.6732 -16.0549
14.6991 -16.0312
14.7249 -16.0075
14.7507 -15.9837
14.7765 -15.9599
14.8022 -15.936
14.8887 -15.8552
14.9143 -15.8312
14.9398 -15.8071
14.9653 -15.783
14.9907 -15.7588
15.0161 -15.7346
15.0415 -15.7104
15.0668 -15.6861
15.0921 -15.6617
15.1174 -15.6374
15.1426 -15.613
15.1677 -15.5885
15.1929 -15.564
15.218 -15.5395
15.243 -15.5149
15.268 -15.4903
15.293 -15.4657
15.3179 -15.441
15.3428 -15.4162
15.3677 -15.3915
15.3925 -15.3667
15.4172 -15.3418
15.442 -15.3169
15.4667 -15.292
15.4913 -15.267
15.5159 -15.242
15.5405 -15.217
15.565 -15.1919
15.5895 -15.1667
15.6139 -15.1416
15.6384 -15.1164
15.6627 -15.0911
15.687 -15.0658
15.7113 -15.0405
15.7356 -15.0151
15.7598 -14.9897
15.7839 -14.9643
15.8081 -14.9388
15.8321 -14.9133
15.8562 -14.8877
15.8802 -14.8621
15.9041 -14.8365
15.928 -14.8108
15.9519 -14.7851
15.9757 -14.7593
15.9995 -14.7335
16.0233 -14.7077
16.0064 -14.6743
15.9946 -14.6352
15.9828 -14.5961
15.9709 -14.557
15.9591 -14.5179
15.9472 -14.4788
15.9354 -14.4396
15.9235 -14.4005
15.9116 -14.3613
15.8996 -14.3221
15.8877 -14.2829
15.8758 -14.2437
15.8638 -14.2045
15.8518 -14.1653
15.8398 -14.126
15.8278 -14.0868
15.8158 -14.0475
15.8037 -14.0082
15.7917 -13.9689
15.7796 -13.9296
15.7675 -13.8902
15.7554 -13.8509
15.7433 -13.8115
15.7311 -13.7721
15.719 -13.7327
15.7068 -13.6933
15.6946 -13.6539
15.6824 -13.6145
15.6702 -13.575
15.6579 -13.5355
15.6456 -13.4961
15.6334 -13.4566
15.6211 -13.4171
15.6087 -13.3775
15.5964 -13.338
15.5841 -13.2984
15.5717 -13.2588
15.5593 -13.2192
15.5469 -13.1796
15.5345 -13.14
15.522 -13.1004
15.5096 -13.0607
15.4971 -13.0211
15.4846 -12.9814
15.4721 -12.9417
15.4595 -12.902
15.447 -12.8622
15.4344 -12.8225
15.4218 -12.7827
15.4092 -12.7429
15.3965 -12.7031
15.3839 -12.6633
15.3712 -12.6235
15.3585 -12.5836
15.3458 -12.5438
15.3331 -12.5039
15.3203 -12.464
15.3203 -12.464
15.362 -12.4684
15.4036 -12.4727
15.4452 -12.4771
15.4868 -12.4814
15.5284 -12.4857
15.5699 -12.49
15.6115 -12.4942
15.653 -12.4985
15.6945 -12.5028
15.736 -12.507
15.7774 -12.5112
15.8189 -12.5154
15.8603 -12.5196
15.9017 -12.5237
15.9431 -12.5279
15.9844 -12.532
16.0258 -12.5361
16.0671 -12.5402
16.1084 -12.5443
16.1497 -12.5484
16.1909 -12.5525
16.2322 -12.5565
16.2734 -12.5605
16.3146 -12.5646
16.3558 -12.5686
16.397 -12.5725
16.4381 -12.5765
16.4793 -12.5805
16.5204 -12.5844
16.5615 -12.5884
16.6026 -12.5923
16.6436 -12.5962
16.6847 -12.6001
16.7257 -12.6039
16.7667 -12.6078
16.8077 -12.6117
16.8487 -12.6155
16.8896 -12.6193
16.9306 -12.6231
16.9715 -12.6269
17.0124 -12.6307
17.0533 -12.6345
17.0941 -12.6383
17.135 -12.642
17.1758 -12.6457
17.2167 -12.6495
17.2575 -12.6532
17.2982 -12.6569
17.339 -12.6606
17.3798 -12.6642
17.4205 -12.6679
17.4612 -12.6715
17.5019 -12.6752
17.5426 -12.6788
17.5833 -12.6824
17.6239 -12.686
17.6601 -12.6958
17.6806 -12.6673
17.701 -12.6387
17.7214 -12.6101
17.7417 -12.5815
17.762 -12.5529
17.7822 -12.5242
17.8024 -12.4955
17.8225 -12.4668
17.8426 -12.438
17.8626 -12.4092
17.8826 -12.3804
17.9026 -12.3515
17.9225 -12.3226
17.9423 -12.2937
17.9621 -12.2647
17.9819 -12.2357
18.0016 -12.2067
18.0213 -12.1777
18.0409 -12.1486
18.0605 -12.1195
18.08 -12.0903
18.0995 -12.0611
18.1189 -12.0319
18.1383 -12.0027
18.1577 -11.9734
18.1769 -11.9441
18.1962 -11.9147
18.2154 -11.8854
18.2345 -11.856
18.2536 -11.8265
18.2727 -11.7971
18.2917 -11.7676
18.3107 -11.7381
18.3296 -11.7085
18.3484 -11.6789
18.3673 -11.6493
18.386 -11.6197
18.4048 -11.59
18.4234 -11.5603
18.442 -11.5305
18.4606 -11.5008
18.4792 -11.471
18.4976 -11.4412
18.5161 -11.4113
18.5345 -11.3814
18.5528 -11.3515
18.6143 -11.2503
18.6324 -11.2203
18.6505 -11.1902
18.6685 -11.1601
18.6865 -11.13
18.7045 -11.0998
18.7223 -11.0696
18.7402 -11.0394
18.758 -11.0092
18.7757 -10.9789
18.7934 -10.9486
18.811 -10.9182
18.8286 -10.8879
18.8461 -10.8575
18.8636 -10.8271
18.8811 -10.7966
18.8985 -10.7662
18.9158 -10.7357
18.9331 -10.7051
18.9504 -10.6746
18.9676 -10.644
18.9847 -10.6134
19.0018 -10.5827
19.0188 -10.5521
19.0358 -10.5214
19.0528 -10.4907
19.0697 -10.4599
19.0865 -10.4291
19.1033 -10.3983
19.1201 -10.3675
19.1368 -10.3366
19.1534 -10.3057
19.17 -10.2748
19.1866 -10.2439
19.2031 -10.2129
19.2195 -10.1819
19.2359 -10.1509
19.2523 -10.1199
19.2686 -10.0888
19.2848 -10.0577
19.301 -10.0266
19.3172 -9.99543
19.3333 -9.96425
19.3493 -9.93305
19.3653 -9.90182
19.3813 -9.87057
19.3972 -9.83929
19.3719 -9.81163
19.35 -9.77719
19.3281 -9.74274
19.3061 -9.70829
19.2842 -9.67382
19.2622 -9.63935
19.2402 -9.60486
19.2182 -9.57037
19.1962 -9.53587
19.1741 -9.50136
19.152 -9.46684
19.13 -9.43231
19.1079 -9.39777
19.0857 -9.36322
19.0636 -9.32867
19.0414 -9.2941
19.0193 -9.25952
18.9971 -9.22494
18.9748 -9.19034
18.9526 -9.15574
18.9303 -9.12112
18.9081 -9.0865
18.8858 -9.05187
18.8635 -9.01722
18.8411 -8.98257
18.8188 -8.94791
18.7964 -8.91324
18.774 -8.87855
18.7516 -8.84386
18.7291 -8.80916
18.7067 -8.77445
18.6842 -8.73973
18.6617 -8.705
18.6391 -8.67026
18.6166 -8.63551
18.594 -8.60075
18.5714 -8.56597
18.5488 -8.53119
18.5262 -8.4964
18.5035 -8.4616
18.4809 -8.42679
18.4582 -8.39197
18.4354 -8.35714
18.4127 -8.3223
18.3899 -8.28745
18.3671 -8.25259
18.3443 -8.21771
18.3215 -8.18283
18.2986 -8.14794
18.2758 -8.11303
18.2529 -8.07812
18.2299 -8.0432
18.207 -8.00826
18.184 -7.97332
18.161 -7.93836
18.138 -7.9034
18.1149 -7.86842
18.1149 -7.86842
18.1562 -7.86139
18.1975 -7.85435
18.2387 -7.8473
18.28 -7.84024
18.3211 -7.83317
18.3623 -7.82609
18.4035 -7.819
18.4446 -7.8119
18.4857 -7.80479
18.5268 -7.79767
18.5678 -7.79054
18.6089 -7.7834
18.6499 -7.77625
18.6909 -7.76909
18.7318 -7.76192
18.7728 -7.75475
18.8137 -7.74756
18.8546 -7.74036
18.8955 -7.73316
18.9363 -7.72594
18.9771 -7.71872
19.018 -7.71149
19.0587 -7.70424
19.0995 -7.69699
19.1402 -7.68973
19.181 -7.68247
19.2217 -7.67519
19.2623 -7.66791
19.303 -7.66061
19.3436 -7.65331
19.3843 -7.646
19.4248 -7.63868
19.4654 -7.63135
19.506 -7.62402
19.5465 -7.61668
19.587 -7.60933
19.6275 -7.60197
19.668 -7.5946
19.7084 -7.58722
19.7488 -7.57984
19.7893 -7.57245
19.8296 -7.56505
19.87 -7.55765
19.9104 -7.55023
19.9507 -7.54281
19.991 -7.53538
20.0313 -7.52795
20.0716 -7.52051
20.1118 -7.51306
20.152 -7.5056
20.1922 -7.49813
20.2324 -7.49066
20.2726 -7.48318
20.3128 -7.4757
20.3529 -7.4682
20.393 -7.4607
20.4305 -7.46033
20.4425 -7.42736
20.4545 -7.39437
20.4664 -7.36136
20.4782 -7.32834
20.49 -7.29529
20.5018 -7.26223
20.5135 -7.22914
20.5251 -7.19604
20.5367 -7.16292
20.5482 -7.12978
20.5597 -7.09662
20.5711 -7.06344
20.5825 -7.03025
20.5938 -6.99704
20.605 -6.9638
20.6163 -6.93055
20.6274 -6.89729
20.6385 -6.864
20.6496 -6.8307
20.6605 -6.79738
20.6715 -6.76404
20.6824 -6.73068
20.6932 -6.69731
20.704 -6.66391
20.7147 -6.63051
20.7254 -6.59708
20.736 -6.56364
20.7465 -6.53018
20.7571 -6.4967
20.7675 -6.4632
20.7779 -6.42969
20.7883 -6.39617
20.7985 -6.36262
20.8088 -6.32906
20.819 -6.29548
20.8291 -6.26189
20.8392 -6.22828
20.8492 -6.19465
20.8592 -6.16101
20.8691 -6.12735
20.8789 -6.09368
20.8887 -6.05999
20.8985 -6.02628
20.9082 -5.99256
20.9178 -5.95882
20.9274 -5.92507
20.9593 -5.81105
20.9687 -5.77723
20.978 -5.74339
20.9872 -5.70954
20.9964 -5.67568
21.0055 -5.6418
21.0146 -5.60791
21.0236 -5.574
21.0326 -5.54007
21.0415 -5.50614
21.0504 -5.47219
21.0592 -5.43822
21.0679 -5.40424
21.0766 -5.37024
21.0852 -5.33624
21.0938 -5.30221
21.1023 -5.26818
21.1108 -5.23413
21.1192 -5.20006
21.1276 -5.16599
21.1359 -5.1319
21.1441 -5.09779
21.1523 -5.06368
21.1605 -5.02955
21.1686 -4.9954
21.1766 -4.96125
21.1846 -4.92708
21.1925 -4.8929
21.2004 -4.8587
21.2082 -4.82449
21.2159 -4.79027
21.2236 -4.75604
21.2313 -4.7218
21.2389 -4.68754
21.2464 -4.65327
21.2539 -4.61899
21.2613 -4.5847
21.2687 -4.55039
21.276 -4.51607
21.2832 -4.48175
21.2904 -4.4474
21.2976 -4.41305
21.3047 -4.37869
21.3117 -4.34431
21.3187 -4.30993
21.3256 -4.27553
21.3325 -4.24112
21.3007 -4.22132
21.2703 -4.19406
21.2399 -4.16681
21.2095 -4.13955
21.179 -4.11228
21.1486 -4.08502
21.1181 -4.05775
21.0876 -4.03047
21.0571 -4.00319
21.0265 -3.97591
20.996 -3.94862
20.9654 -3.92133
20.9348 -3.89404
20.9042 -3.86674
20.8735 -3.83944
20.8428 -3.81213
20.8122 -3.78482
20.7815 -3.75751
20.7507 -3.73019
20.72 -3.70287
20.6892 -3.67554
20.6584 -3.64821
20.6276 -3.62088
20.5968 -3.59354
20.5659 -3.5662
20.535 -3.53886
20.5041 -3.51151
20.4732 -3.48415
20.4422 -3.4568
20.4113 -3.42944
20.3803 -3.40207
20.3493 -3.37471
20.3182 -3.34734
20.2872 -3.31996
20.2561 -3.29258
20.225 -3.2652
20.1938 -3.23781
20.1627 -3.21042
20.1315 -3.18303
20.1003 -3.15563
20.0691 -3.12823
20.0378 -3.10082
20.0065 -3.07341
19.9752 -3.046
19.9439 -3.01858
19.9126 -2.99116
19.8812 -2.96374
19.8498 -2.93631
19.8184 -2.90888
19.7869 -2.88144
19.7554 -2.854
19.7239 -2.82656
19.6924 -2.79911
19.6609 -2.77166
19.6293 -2.74421
19.5977 -2.71675
19.566 -2.68929
19.566 -2.68929
19.6039 -2.67138
19.6418 -2.65347
19.6796 -2.63555
19.7174 -2.61763
19.7551 -2.59971
19.7929 -2.58178
19.8306 -2.56385
19.8682 -2.54592
19.9059 -2.52799
19.9435 -2.51005
19.9812 -2.4921
20.0187 -2.47416
20.0563 -2.45621
20.0938 -2.43826
20.1313 -2.4203
20.1688 -2.40235
20.2063 -2.38438
20.2437 -2.36642
20.2811 -2.34846
20.3185 -2.33049
20.3559 -2.31251
20.3933 -2.29454
20.4306 -2.27656
20.4679 -2.25858
20.5051 -2.2406
20.5424 -2.22262
20.5796 -2.20463
20.6168 -2.18664
20.654 -2.16865
20.6912 -2.15065
20.7283 -2.13266
20.7654 -2.11466
20.8025 -2.09666
20.8396 -2.07865
20.8766 -2.06065
20.9136 -2.04264
20.9506 -2.02463
20.9876 -2.00662
21.0246 -1.9886
21.0615 -1.97059
21.0984 -1.95257
21.1353 -1.93455
21.1722 -1.91652
21.2091 -1.8985
21.2459 -1.88047
21.2827 -1.86245
21.3195 -1.84442
21.3563 -1.82638
21.393 -1.80835
21.4297 -1.79032
21.4664 -1.77228
21.5031 -1.75424
21.5398 -1.7362
21.5764 -1.71816
21.6131 -1.70012
21.6497 -1.68207
21.6857 -1.67159
21.6883 -1.6366
21.691 -1.60161
21.6935 -1.56662
21.696 -1.53162
21.6984 -1.49662
21.7008 -1.46161
21.7032 -1.4266
21.7054 -1.39159
21.7077 -1.35657
21.7098 -1.32155
21.7119 -1.28652
21.714 -1.2515
21.716 -1.21646
21.7179 -1.18143
21.7198 -1.14639
21.7216 -1.11135
21.7234 -1.07631
21.7251 -1.04126
21.7267 -1.00621
21.7283 -0.971162
21.7298 -0.936108
21.7313 -0.901052
21.7328 -0.865993
21.7341 -0.830932
21.7354 -0.795869
21.7367 -0.760804
21.7379 -0.725736
21.739 -0.690667
21.7401 -0.655596
21.7411 -0.620524
21.7421 -0.58545
21.743 -0.550374
21.7439 -0.515297
21.7447 -0.480218
21.7454 -0.445138
21.7461 -0.410057
21.7468 -0.374975
21.7473 -0.339892
21.7479 -0.304809
21.7483 -0.269724
21.7487 -0.234639
21.7491 -0.199553
21.7494 -0.164466
21.7496 -0.129379
21.7498 -0.0942919
21.7499 -0.0592044
