21.9999 0.0522148
21.9998 0.0866974
21.9997 0.12118
21.9994 0.155662
21.9992 0.190144
21.9989 0.224625
21.9985 0.259105
21.998 0.293585
21.9976 0.328065
21.997 0.362543
21.9964 0.397021
21.9958 0.431498
21.9951 0.465973
21.9943 0.500448
21.9935 0.534921
21.9926 0.569393
21.9917 0.603863
21.9907 0.638332
21.9897 0.6728
21.9886 0.707265
21.9875 0.741729
21.9863 0.776192
21.9851 0.810652
21.9838 0.84511
21.9824 0.879567
21.981 0.914021
21.9795 0.948473
21.978 0.982922
21.9765 1.01737
21.9748 1.05181
21.9732 1.08626
21.9714 1.1207
21.9697 1.15513
21.9678 1.18957
21.9659 1.224
21.964 1.25842
21.962 1.29285
21.9599 1.32727
21.9578 1.36169
21.9557 1.3961
21.9534 1.43052
21.9512 1.46492
21.9489 1.49933
21.9465 1.53373
21.944 1.56813
21.9416 1.60252
21.939 1.63691
21.9364 1.67129
21.9338 1.70567
21.8984 1.71584
21.8624 1.73358
21.8264 1.75131
21.7904 1.76904
21.7543 1.78676
21.7183 1.80449
21.6822 1.82222
21.6461 1.83994
21.61 1.85766
21.5738 1.87538
21.5377 1.8931
21.5015 1.91082
21.4653 1.92853
21.429 1.94624
21.3928 1.96395
21.3565 1.98166
21.3202 1.99937
21.2839 2.01708
21.2476 2.03478
21.2113 2.05248
21.1749 2.07018
21.1385 2.08788
21.1021 2.10557
21.0657 2.12327
21.0292 2.14096
20.9928 2.15865
20.9563 2.17633
20.9197 2.19402
20.8832 2.2117
20.8466 2.22938
20.8101 2.24706
20.7735 2.26473
20.7368 2.28241
20.7002 2.30008
20.6635 2.31774
20.6268 2.33541
20.5901 2.35307
20.5534 2.37073
20.5166 2.38839
20.4798 2.40604
20.443 2.4237
20.4062 2.44135
20.3694 2.45899
20.3325 2.47664
20.2956 2.49428
20.2587 2.51192
20.2217 2.52955
20.1847 2.54718
20.1478 2.56481
20.1107 2.58244
20.0737 2.60006
20.0366 2.61768
19.9995 2.6353
19.9624 2.65291
19.9253 2.67052
19.8881 2.68813
19.8509 2.70573
19.8137 2.72333
19.8137 2.72333
19.8448 2.75032
19.8759 2.7773
19.9069 2.80429
19.9379 2.83126
19.9689 2.85824
19.9999 2.88521
20.0308 2.91217
20.0617 2.93914
20.0926 2.9661
20.1235 2.99305
20.1543 3.02
20.1851 3.04695
20.2159 3.0739
20.2467 3.10084
20.2774 3.12778
20.3082 3.15471
20.3389 3.18165
20.3695 3.20857
20.4002 3.2355
20.4308 3.26242
20.4614 3.28933
20.492 3.31625
20.5226 3.34316
20.5531 3.37006
20.5836 3.39697
20.6141 3.42386
20.6446 3.45076
20.6751 3.47765
20.7055 3.50454
20.7359 3.53142
20.7663 3.5583
20.7967 3.58518
20.827 3.61205
20.8574 3.63892
20.8877 3.66579
20.9179 3.69265
20.9482 3.71951
20.9785 3.74636
21.0087 3.77321
21.0389 3.80006
21.0691 3.82691
21.0992 3.85375
21.1294 3.88058
21.1595 3.90741
21.1896 3.93424
21.2197 3.96107
21.2497 3.98789
21.2798 4.01471
21.3098 4.04152
21.3398 4.06833
21.3698 4.09514
21.3997 4.12194
21.4297 4.14874
21.4596 4.17554
21.4895 4.20233
21.5194 4.22912
21.5493 4.2559
21.5806 4.27524
21.5739 4.30906
21.5671 4.34287
21.5603 4.37667
21.5534 4.41046
21.5464 4.44423
21.5394 4.478
21.5324 4.51176
21.5253 4.5455
21.5181 4.57923
21.5109 4.61295
21.5037 4.64667
21.4964 4.68036
21.489 4.71405
21.4816 4.74773
21.4741 4.78139
21.4666 4.81505
21.459 4.84869
21.4514 4.88231
21.4437 4.91593
21.436 4.94954
21.4282 4.98313
21.4204 5.01671
21.4125 5.05028
21.4045 5.08383
21.3966 5.11738
21.3885 5.15091
21.3804 5.18443
21.3723 5.21793
21.364 5.25142
21.3558 5.2849
21.3475 5.31837
21.3391 5.35182
21.3307 5.38526
21.3222 5.41869
21.3137 5.4521
21.3051 5.4855
21.2965 5.51889
21.2878 5.55226
21.2791 5.58562
21.2703 5.61897
21.2615 5.6523
21.2526 5.68562
21.2437 5.71892
21.2347 5.75221
21.2256 5.78549
21.2166 5.81875
21.2074 5.852
21.1982 5.88523
21.17 5.98579
21.1606 6.01897
21.1512 6.05213
21.1417 6.08527
21.1321 6.1184
21.1225 6.15151
21.1128 6.18461
21.1031 6.2177
21.0933 6.25077
21.0835 6.28382
21.0736 6.31686
21.0637 6.34988
21.0537 6.38289
21.0437 6.41588
21.0336 6.44886
21.0235 6.48182
21.0133 6.51476
21.003 6.54769
20.9928 6.5806
20.9824 6.6135
20.972 6.64638
20.9616 6.67924
20.9511 6.71209
20.9405 6.74492
20.9299 6.77773
20.9193 6.81053
20.9086 6.84331
20.8978 6.87607
20.887 6.90882
20.8762 6.94155
20.8653 6.97426
20.8543 7.00696
20.8433 7.03964
20.8322 7.0723
20.8211 7.10494
20.81 7.13757
20.7988 7.17018
20.7875 7.20277
20.7762 7.23534
20.7648 7.2679
20.7534 7.30044
20.7419 7.33296
20.7304 7.36546
20.7188 7.39794
20.7072 7.43041
20.6956 7.46285
20.6838 7.49528
20.6721 7.52769
20.6602 7.56009
20.6234 7.56033
20.584 7.5677
20.5445 7.57506
20.5051 7.58241
20.4656 7.58976
20.426 7.59709
20.3865 7.60443
20.347 7.61175
20.3074 7.61907
20.2678 7.62638
20.2282 7.63369
20.1886 7.64098
20.149 7.64827
20.1093 7.65556
20.0696 7.66283
20.0299 7.6701
19.9902 7.67736
19.9505 7.68462
19.9107 7.69186
19.8709 7.6991
19.8312 7.70633
19.7913 7.71356
19.7515 7.72077
19.7117 7.72798
19.6718 7.73518
19.6319 7.74238
19.592 7.74956
19.552 7.75674
19.5121 7.76391
19.4721 7.77107
19.4321 7.77822
19.3921 7.78536
19.3521 7.7925
19.312 7.79963
19.2719 7.80675
19.2318 7.81386
19.1917 7.82096
19.1516 7.82805
19.1114 7.83514
19.0712 7.84222
19.031 7.84928
18.9908 7.85634
18.9506 7.86339
18.9103 7.87043
18.87 7.87746
18.8297 7.88449
18.7894 7.8915
18.749 7.89851
18.7086 7.9055
18.6682 7.91249
18.6278 7.91946
18.5874 7.92643
18.5469 7.93338
18.5064 7.94033
18.4659 7.94727
18.4254 7.9542
18.3848 7.96111
18.3442 7.96802
18.3442 7.96802
18.3669 8.0024
18.3895 8.03676
18.4121 8.07111
18.4347 8.10546
18.4573 8.13979
18.4798 8.17411
18.5023 8.20843
18.5248 8.24273
18.5473 8.27702
18.5697 8.31131
18.5921 8.34558
18.6145 8.37984
18.6369 8.4141
18.6593 8.44834
18.6816 8.48258
18.7039 8.5168
18.7262 8.55102
18.7485 8.58522
18.7708 8.61942
18.793 8.65361
18.8152 8.68778
18.8374 8.72195
18.8596 8.75611
18.8817 8.79026
18.9039 8.8244
18.926 8.85853
18.9481 8.89265
18.9701 8.92676
18.9922 8.96086
19.0142 8.99495
19.0362 9.02904
19.0582 9.06311
19.0802 9.09717
19.1021 9.13123
19.1241 9.16527
19.146 9.19931
19.1679 9.23334
19.1898 9.26736
19.2116 9.30137
19.2335 9.33537
19.2553 9.36936
19.2771 9.40334
19.2989 9.43731
19.3206 9.47128
19.3424 9.50523
19.3641 9.53918
19.3858 9.57312
19.4075 9.60705
19.4292 9.64096
19.4508 9.67488
19.4725 9.70878
19.4941 9.74267
19.5157 9.77656
19.5373 9.81043
19.5589 9.8443
19.5804 9.87816
19.6019 9.91201
19.6269 9.93908
19.6113 9.96983
19.5956 10.0006
19.5799 10.0313
19.5642 10.0619
19.5484 10.0926
19.5325 10.1232
19.5167 10.1538
19.5007 10.1844
19.4847 10.2149
19.4687 10.2455
19.4526 10.276
19.4365 10.3065
19.4203 10.3369
19.4041 10.3673
19.3878 10.3977
19.3715 10.4281
19.3551 10.4585
19.3387 10.4888
19.3222 10.5191
19.3057 10.5494
19.2892 10.5796
19.2726 10.6098
19.2559 10.64
19.2392 10.6702
19.2225 10.7003
19.2057 10.7304
19.1888 10.7605
19.1719 10.7906
19.155 10.8206
19.138 10.8506
19.121 10.8806
19.1039 10.9106
19.0868 10.9405
19.0696 10.9704
19.0524 11.0003
19.0351 11.0301
19.0178 11.06
19.0005 11.0898
18.983 11.1195
18.9656 11.1493
18.9481 11.179
18.9306 11.2087
18.913 11.2383
18.8953 11.268
18.8776 11.2976
18.8599 11.3271
18.8421 11.3567
18.8243 11.3862
18.77 11.4754
18.752 11.5048
18.734 11.5342
18.7159 11.5636
18.6977 11.5929
18.6795 11.6222
18.6613 11.6514
18.643 11.6807
18.6247 11.7099
18.6063 11.7391
18.5879 11.7682
18.5694 11.7973
18.5509 11.8264
18.5323 11.8555
18.5137 11.8845
18.4951 11.9135
18.4764 11.9425
18.4576 11.9714
18.4389 12.0004
18.42 12.0292
18.4011 12.0581
18.3822 12.0869
18.3633 12.1157
18.3442 12.1445
18.3252 12.1732
18.3061 12.2019
18.2869 12.2306
18.2677 12.2593
18.2485 12.2879
18.2292 12.3165
18.2099 12.345
18.1905 12.3735
18.1711 12.402
18.1516 12.4305
18.1321 12.4589
18.1126 12.4874
18.093 12.5157
18.0734 12.5441
18.0537 12.5724
18.0339 12.6007
18.0142 12.6289
17.9944 12.6571
17.9745 12.6853
17.9546 12.7135
17.9346 12.7416
17.9146 12.7697
17.8946 12.7978
17.8745 12.8258
17.8544 12.8538
17.8189 12.8441
17.7789 12.8406
17.739 12.837
17.699 12.8334
17.6589 12.8298
17.6189 12.8263
17.5789 12.8227
17.5388 12.819
17.4988 12.8154
17.4587 12.8118
17.4186 12.8081
17.3784 12.8045
17.3383 12.8008
17.2982 12.7971
17.258 12.7934
17.2178 12.7897
17.1776 12.786
17.1374 12.7822
17.0971 12.7785
17.0569 12.7747
17.0166 12.7709
16.9763 12.7672
16.936 12.7634
16.8957 12.7595
16.8554 12.7557
16.815 12.7519
16.7746 12.748
16.7343 12.7442
16.6939 12.7403
16.6534 12.7364
16.613 12.7325
16.5725 12.7286
16.5321 12.7247
16.4916 12.7207
16.4511 12.7168
16.4105 12.7128
16.37 12.7088
16.3294 12.7048
16.2888 12.7008
16.2482 12.6968
16.2076 12.6927
16.167 12.6887
16.1263 12.6846
16.0856 12.6805
16.045 12.6764
16.0042 12.6723
15.9635 12.6682
15.9228 12.664
15.882 12.6599
15.8412 12.6557
15.8004 12.6515
15.7596 12.6473
15.7187 12.6431
15.6779 12.6389
15.637 12.6346
15.5961 12.6303
15.5552 12.6261
15.5142 12.6218
15.5142 12.6218
15.5268 12.661
15.5393 12.7002
15.5518 12.7393
15.5643 12.7785
15.5767 12.8176
15.5892 12.8568
15.6016 12.8959
15.614 12.935
15.6264 12.9741
15.6387 13.0131
15.6511 13.0522
15.6634 13.0912
15.6757 13.1303
15.688 13.1693
15.7003 13.2083
15.7125 13.2472
15.7248 13.2862
15.737 13.3251
15.7492 13.3641
15.7614 13.403
15.7736 13.4419
15.7857 13.4808
15.7978 13.5197
15.81 13.5585
15.8221 13.5974
15.8341 13.6362
15.8462 13.675
15.8583 13.7138
15.8703 13.7526
15.8823 13.7914
15.8943 13.8301
15.9063 13.8689
15.9183 13.9076
15.9302 13.9463
15.9421 13.985
15.9541 14.0237
15.966 14.0624
15.9778 14.101
15.9897 14.1397
16.0016 14.1783
16.0134 14.2169
16.0252 14.2555
16.0371 14.2941
16.0488 14.3327
16.0606 14.3713
16.0724 14.4098
16.0841 14.4483
16.0959 14.4869
16.1076 14.5254
16.1193 14.5639
16.131 14.6024
16.1427 14.6408
16.1543 14.6793
16.166 14.7177
16.1776 14.7562
16.1892 14.7946
16.2008 14.833
16.2175 14.8658
16.1942 14.8912
16.1709 14.9165
16.1475 14.9419
16.124 14.9672
16.1005 14.9924
16.077 15.0176
16.0535 15.0428
16.0299 15.068
16.0062 15.0931
15.9825 15.1181
15.9588 15.1432
15.9351 15.1682
15.9113 15.1931
15.8875 15.218
15.8636 15.2429
15.8397 15.2678
15.8157 15.2926
15.7917 15.3174
15.7677 15.3421
15.7436 15.3668
15.7195 15.3914
15.6954 15.4161
15.6712 15.4406
15.647 15.4652
15.6227 15.4897
15.5984 15.5142
15.5741 15.5386
15.5497 15.563
15.5253 15.5873
15.5009 15.6116
15.4764 15.6359
15.4518 15.6602
15.4273 15.6844
15.4027 15.7085
15.378 15.7326
15.3534 15.7567
15.3286 15.7808
15.3039 15.8048
15.2791 15.8288
15.2543 15.8527
15.2294 15.8766
15.2045 15.9004
15.1796 15.9242
15.1546 15.948
15.1296 15.9717
15.1045 15.9954
15.0794 16.0191
15.0543 16.0427
14.978 16.114
14.9527 16.1374
14.9274 16.1609
14.902 16.1842
14.8766 16.2076
14.8512 16.2309
14.8258 16.2541
14.8003 16.2773
14.7747 16.3005
14.7492 16.3237
14.7236 16.3468
14.6979 16.3698
14.6723 16.3928
14.6465 16.4158
14.6208 16.4387
14.595 16.4616
14.5692 16.4845
14.5433 16.5073
14.5174 16.5301
14.4915 16.5528
14.4655 16.5755
14.4396 16.5982
14.4135 16.6208
14.3874 16.6434
14.3613 16.6659
14.3352 16.6884
14.309 16.7108
14.2828 16.7332
14.2566 16.7556
14.2303 16.7779
14.204 16.8002
14.1776 16.8225
14.1512 16.8447
14.1248 16.8668
14.0984 16.8889
14.0719 16.911
14.0454 16.933
14.0188 16.955
13.9922 16.977
13.9656 16.9989
13.9389 17.0208
13.9122 17.0426
13.8855 17.0644
13.8587 17.0861
13.8319 17.1078
13.8051 17.1295
13.7782 17.1511
13.7513 17.1727
13.7244 17.1942
13.6928 17.1753
13.6553 17.1611
13.6178 17.1469
13.5802 17.1327
13.5427 17.1184
13.5051 17.1042
13.4675 17.0899
13.4299 17.0756
13.3923 17.0613
13.3547 17.047
13.317 17.0326
13.2794 17.0183
13.2417 17.0039
13.2041 16.9895
13.1664 16.9751
13.1287 16.9607
13.091 16.9463
13.0533 16.9318
13.0155 16.9174
12.9778 16.9029
12.94 16.8884
12.9023 16.8739
12.8645 16.8593
12.8267 16.8448
12.7889 16.8302
12.7511 16.8157
12.7132 16.8011
12.6754 16.7864
12.6375 16.7718
12.5996 16.7572
12.5617 16.7425
12.5238 16.7278
12.4859 16.7131
12.448 16.6984
12.4101 16.6836
12.3721 16.6689
12.3341 16.6541
12.2962 16.6393
12.2582 16.6245
12.2202 16.6097
12.1821 16.5948
12.1441 16.5799
12.106 16.565
12.068 16.5501
12.0299 16.5352
11.9918 16.5203
11.9537 16.5053
11.9156 16.4903
11.8775 16.4753
11.8393 16.4603
11.8011 16.4453
11.763 16.4302
11.7248 16.4151
11.6866 16.4
11.6484 16.3849
11.6101 16.3697
11.5719 16.3546
11.5336 16.3394
11.5336 16.3394
11.5351 16.3805
11.5366 16.4217
11.538 16.4628
11.5395 16.5038
11.5409 16.5449
11.5424 16.5859
11.5438 16.6269
11.5452 16.6679
11.5465 16.7089
11.5479 16.7499
11.5493 16.7908
11.5506 16.8317
11.5519 16.8726
11.5532 16.9135
11.5545 16.9544
11.5558 16.9952
11.5571 17.036
11.5583 17.0768
11.5596 17.1176
11.5608 17.1584
11.5621 17.1991
11.5633 17.2398
11.5645 17.2805
11.5656 17.3212
11.5668 17.3619
11.568 17.4025
11.5691 17.4432
11.5702 17.4838
11.5714 17.5244
11.5725 17.5649
11.5736 17.6055
11.5747 17.646
11.5757 17.6866
11.5768 17.7271
11.5779 17.7676
11.5789 17.808
11.5799 17.8485
11.5809 17.8889
11.5819 17.9293
11.5829 17.9697
11.5839 18.0101
11.5849 18.0505
11.5858 18.0908
11.5868 18.1311
11.5877 18.1714
11.5887 18.2117
11.5896 18.252
11.5905 18.2923
11.5914 18.3325
11.5923 18.3727
11.5931 18.413
11.594 18.4531
11.5948 18.4933
11.5957 18.5335
11.5965 18.5736
11.5973 18.6138
11.5982 18.6539
11.6054 18.69
11.5761 18.7081
11.5468 18.7262
11.5174 18.7443
11.488 18.7624
11.4586 18.7803
11.4291 18.7983
11.3997 18.8162
11.3701 18.834
11.3406 18.8518
11.311 18.8696
11.2815 18.8873
11.2518 18.9049
11.2222 18.9225
11.1925 18.9401
11.1628 18.9576
11.1331 18.9751
11.1033 18.9925
11.0736 19.0099
11.0437 19.0272
11.0139 19.0445
10.984 19.0618
10.9542 19.079
10.9242 19.0961
10.8943 19.1132
10.8643 19.1303
10.8343 19.1473
10.8043 19.1642
10.7742 19.1811
10.7442 19.198
10.7141 19.2148
10.6839 19.2316
10.6538 19.2483
10.6236 19.265
10.5934 19.2816
10.5632 19.2982
10.5329 19.3147
10.5026 19.3312
10.4723 19.3476
10.442 19.364
10.4116 19.3804
10.3812 19.3967
10.3508 19.4129
10.3203 19.4291
10.2899 19.4453
10.2594 19.4614
10.2289 19.4774
10.1983 19.4934
10.1678 19.5094
10.075 19.5574
10.0444 19.5732
10.0137 19.5889
9.98297 19.6046
9.95223 19.6202
9.92146 19.6358
9.89067 19.6513
9.85986 19.6668
9.82902 19.6822
9.79816 19.6976
9.76727 19.7129
9.73636 19.7282
9.70543 19.7435
9.67447 19.7587
9.64349 19.7738
9.61248 19.7889
9.58146 19.8039
9.5504 19.8189
9.51933 19.8339
9.48823 19.8488
9.45711 19.8636
9.42596 19.8784
9.39479 19.8932
9.3636 19.9079
9.33238 19.9225
9.30115 19.9371
9.26989 19.9517
9.2386 19.9662
9.2073 19.9806
9.17597 19.995
9.14462 20.0094
9.11324 20.0237
9.08185 20.038
9.05043 20.0522
9.01899 20.0663
8.98752 20.0804
8.95604 20.0945
8.92453 20.1085
8.893 20.1225
8.86145 20.1364
8.82988 20.1503
8.79828 20.1641
8.76667 20.1778
8.73503 20.1916
8.70337 20.2052
8.67169 20.2188
8.63999 20.2324
8.60827 20.2459
8.57652 20.2594
8.55122 20.2327
8.51891 20.2089
8.48661 20.1851
8.45429 20.1612
8.42197 20.1374
8.38963 20.1135
8.3573 20.0896
8.32495 20.0657
8.2926 20.0418
8.26023 20.0179
8.22786 19.9939
8.19549 19.9699
8.1631 19.9459
8.13071 19.9219
8.09831 19.8979
8.0659 19.8738
8.03349 19.8498
8.00107 19.8257
7.96864 19.8016
7.9362 19.7775
7.90375 19.7533
7.8713 19.7291
7.83884 19.705
7.80637 19.6807
7.77389 19.6565
7.7414 19.6323
7.70891 19.608
7.67641 19.5837
7.6439 19.5594
7.61138 19.5351
7.57886 19.5107
7.54632 19.4864
7.51378 19.462
7.48123 19.4376
7.44867 19.4132
7.41611 19.3887
7.38354 19.3642
7.35095 19.3397
7.31836 19.3152
7.28577 19.2907
7.25316 19.2661
7.22055 19.2415
7.18792 19.2169
7.15529 19.1923
7.12265 19.1677
7.09001 19.143
7.05735 19.1183
7.02469 19.0936
6.99202 19.0689
6.95934 19.0441
6.92665 19.0193
6.89395 18.9945
6.86125 18.9697
6.82853 18.9449
6.79581 18.92
6.76308 18.8951
6.73034 18.8702
6.69759 18.8452
6.69759 18.8452
6.68793 18.8852
6.67826 18.9252
6.66858 18.9652
6.6589 19.0051
6.6492 19.0451
6.6395 19.085
6.62979 19.1248
6.62007 19.1647
6.61035 19.2045
6.60061 19.2443
6.59087 19.2841
6.58112 19.3239
6.57137 19.3636
6.5616 19.4033
6.55183 19.443
6.54205 19.4827
6.53226 19.5223
6.52247 19.562
6.51266 19.6016
6.50285 19.6411
6.49304 19.6807
6.48321 19.7203
6.47338 19.7598
6.46355 19.7993
6.4537 19.8387
6.44385 19.8782
6.43399 19.9176
6.42413 19.957
6.41425 19.9964
6.40438 20.0358
6.39449 20.0752
6.3846 20.1145
6.3747 20.1538
6.3648 20.1931
6.35488 20.2323
6.34497 20.2716
6.33504 20.3108
6.32511 20.35
6.31518 20.3892
6.30523 20.4284
6.29529 20.4675
6.28533 20.5067
6.27537 20.5458
6.2654 20.5849
6.25543 20.6239
6.24545 20.663
6.23547 20.702
6.22548 20.741
6.21548 20.78
6.20548 20.819
6.19547 20.8579
6.18546 20.8969
6.17544 20.9358
6.16542 20.9747
6.15539 21.0136
6.14535 21.0524
6.13531 21.0913
6.13256 21.128
6.09943 21.1376
6.0663 21.1471
6.03314 21.1566
5.99997 21.166
5.96679 21.1754
5.93359 21.1847
5.90038 21.194
5.86715 21.2032
5.83391 21.2124
5.80066 21.2215
5.76739 21.2306
5.7341 21.2396
5.70081 21.2485
5.66749 21.2575
5.63417 21.2663
5.60083 21.2751
5.56748 21.2839
5.53411 21.2926
5.50073 21.3012
5.46733 21.3098
5.43393 21.3184
5.4005 21.3269
5.36707 21.3353
5.33362 21.3437
5.30016 21.352
5.26669 21.3603
5.2332 21.3685
5.1997 21.3767
5.16619 21.3848
5.13267 21.3929
5.09913 21.4009
5.06558 21.4089
5.03202 21.4168
4.99844 21.4246
4.96485 21.4325
4.93126 21.4402
4.89764 21.4479
4.86402 21.4556
4.83038 21.4632
4.79674 21.4707
4.76308 21.4782
4.72941 21.4856
4.69573 21.493
4.66203 21.5004
4.62833 21.5076
4.59461 21.5149
4.56088 21.522
4.52714 21.5292
4.4249 21.5504
4.39111 21.5573
4.35732 21.5642
4.32351 21.571
4.2897 21.5777
4.25587 21.5844
4.22204 21.5911
4.18819 21.5977
4.15433 21.6042
4.12046 21.6107
4.08659 21.6171
4.0527 21.6235
4.0188 21.6298
3.98489 21.6361
3.95098 21.6423
3.91705 21.6485
3.88311 21.6546
3.84917 21.6607
3.81521 21.6667
3.78125 21.6726
3.74727 21.6785
3.71329 21.6844
3.6793 21.6902
3.64529 21.6959
3.61128 21.7016
3.57726 21.7072
3.54324 21.7128
3.5092 21.7183
3.47515 21.7238
3.4411 21.7292
3.40704 21.7346
3.37297 21.7399
3.33889 21.7452
3.3048 21.7504
3.2707 21.7555
3.2366 21.7606
3.20249 21.7657
3.16837 21.7707
3.13424 21.7756
3.10011 21.7805
3.06597 21.7853
3.03182 21.7901
2.99766 21.7948
2.96349 21.7995
2.92932 21.8041
2.89514 21.8087
2.86095 21.8132
2.82676 21.8176
2.79256 21.822
2.77541 21.7895
2.75072 21.7578
2.72604 21.7262
2.70135 21.6945
2.67666 21.6628
2.65196 21.6311
2.62727 21.5994
2.60257 21.5677
2.57787 21.5359
2.55317 21.5041
2.52846 21.4723
2.50375 21.4405
2.47904 21.4087
2.45433 21.3768
2.42962 21.3449
2.4049 21.313
2.38018 21.2811
2.35546 21.2492
2.33074 21.2172
2.30601 21.1852
2.28128 21.1532
2.25655 21.1212
2.23182 21.0891
2.20708 21.0571
2.18235 21.025
2.15761 20.9929
2.13286 20.9607
2.10812 20.9286
2.08337 20.8964
2.05863 20.8642
2.03388 20.832
2.00912 20.7997
1.98437 20.7675
1.95961 20.7352
1.93485 20.7029
1.91009 20.6706
1.88533 20.6382
1.86056 20.6058
1.8358 20.5734
1.81103 20.541
1.78626 20.5086
1.76148 20.4761
1.73671 20.4436
1.71193 20.4111
1.68715 20.3786
1.66237 20.346
1.63759 20.3134
1.6128 20.2808
1.58801 20.2482
1.56323 20.2155
1.53843 20.1828
1.51364 20.1501
1.48885 20.1174
1.46405 20.0846
1.43925 20.0519
1.41445 20.0191
1.38965 19.9862
1.36485 19.9534
1.36485 19.9534
1.34475 19.9893
1.32465 20.0252
1.30455 20.0611
1.28444 20.0969
1.26434 20.1328
1.24423 20.1686
1.22412 20.2043
1.20401 20.2401
1.1839 20.2758
1.16379 20.3115
1.14368 20.3472
1.12356 20.3828
1.10344 20.4185
1.08333 20.4541
1.06321 20.4897
1.04309 20.5252
1.02296 20.5608
1.00284 20.5963
0.982718 20.6318
0.962593 20.6673
0.942467 20.7027
0.92234 20.7381
0.902212 20.7735
0.882082 20.8089
0.861952 20.8443
0.841822 20.8796
0.82169 20.9149
0.801557 20.9502
0.781424 20.9855
0.761289 21.0207
0.741154 21.0559
0.721018 21.0911
0.700882 21.1263
0.680744 21.1615
0.660606 21.1966
0.640468 21.2317
0.620328 21.2668
0.600188 21.3019
0.580048 21.3369
0.559907 21.372
0.539765 21.407
0.519623 21.442
0.49948 21.477
0.479337 21.5119
0.459194 21.5468
0.43905 21.5817
0.418905 21.6166
0.39876 21.6515
0.378615 21.6864
0.35847 21.7212
0.338324 21.756
0.318178 21.7908
0.298031 21.8256
0.277885 21.8603
0.257738 21.895
0.23759 21.9297
0.217443 21.9644
0.204884 21.999
0.170402 21.9993
0.13592 21.9996
0.101438 21.9998
0.0669553 21.9999
0.0324727 22
-0.00201007 22
-0.0364928 22
-0.0709755 21.9999
-0.105458 21.9997
-0.13994 21.9996
-0.174422 21.9993
-0.208903 21.999
-0.243384 21.9987
-0.277865 21.9982
-0.312344 21.9978
-0.346823 21.9973
-0.381301 21.9967
-0.415778 21.9961
-0.450254 21.9954
-0.484729 21.9947
-0.519203 21.9939
-0.553676 21.993
-0.588147 21.9921
-0.622617 21.9912
-0.657085 21.9902
-0.691551 21.9891
-0.726016 21.988
-0.760479 21.9869
-0.79494 21.9856
-0.8294 21.9844
-0.863857 21.983
-0.898312 21.9817
-0.932765 21.9802
-0.967215 21.9787
-1.00166 21.9772
-1.03611 21.9756
-1.07055 21.9739
-1.10499 21.9722
-1.13943 21.9705
-1.17387 21.9687
-1.2083 21.9668
-1.24273 21.9649
-1.27715 21.9629
-1.31158 21.9609
-1.346 21.9588
-1.38041 21.9566
-1.41483 21.9545
-1.44924 21.9522
-1.55342 21.9451
-1.58782 21.9426
-1.62221 21.9401
-1.65659 21.9375
-1.69098 21.9349
-1.72536 21.9322
-1.75973 21.9295
-1.7941 21.9267
-1.82847 21.9239
-1.86283 21.921
-1.89718 21.918
-1.93154 21.915
-1.96588 21.912
-2.00023 21.9089
-2.03456 21.9057
-2.0689 21.9025
-2.10322 21.8992
-2.13755 21.8959
-2.17186 21.8925
-2.20617 21.8891
-2.24048 21.8856
-2.27478 21.8821
-2.30908 21.8785
-2.34337 21.8748
-2.37765 21.8711
-2.41193 21.8674
-2.4462 21.8636
-2.48046 21.8597
-2.51472 21.8558
-2.54898 21.8518
-2.58323 21.8478
-2.61747 21.8437
-2.6517 21.8396
-2.68593 21.8354
-2.72015 21.8312
-2.75437 21.8269
-2.78857 21.8226
-2.82277 21.8182
-2.85697 21.8137
-2.89116 21.8092
-2.92534 21.8046
-2.95951 21.8
-2.99367 21.7954
-3.02783 21.7906
-3.06198 21.7859
-3.09613 21.781
-3.13026 21.7762
-3.16439 21.7712
-3.19851 21.7662
-3.20624 21.7303
-3.22148 21.6931
-3.23671 21.656
-3.25194 21.6189
-3.26717 21.5817
-3.28239 21.5445
-3.29761 21.5073
-3.31283 21.4701
-3.32805 21.4328
-3.34326 21.3955
-3.35847 21.3583
-3.37367 21.3209
-3.38888 21.2836
-3.40408 21.2463
-3.41927 21.2089
-3.43447 21.1715
-3.44966 21.1341
-3.46484 21.0967
-3.48003 21.0592
-3.49521 21.0218
-3.51038 20.9843
-3.52555 20.9468
-3.54072 20.9092
-3.55589 20.8717
-3.57105 20.8341
-3.58621 20.7965
-3.60137 20.7589
-3.61652 20.7213
-3.63166 20.6836
-3.64681 20.6459
-3.66195 20.6082
-3.67708 20.5705
-3.69222 20.5327
-3.70734 20.495
-3.72247 20.4572
-3.73759 20.4194
-3.75271 20.3815
-3.76782 20.3437
-3.78293 20.3058
-3.79803 20.2679
-3.81313 20.23
-3.82822 20.192
-3.84331 20.1541
-3.8584 20.1161
-3.87348 20.0781
-3.88856 20.04
-3.90363 20.0019
-3.9187 19.9639
-3.93376 19.9258
-3.94882 19.8876
-3.96388 19.8495
-3.97893 19.8113
-3.99397 19.7731
-4.00901 19.7348
-4.02405 19.6966
-4.03908 19.6583
-4.0541 19.62
-4.06912 19.5817
-4.06912 19.5817
-4.09817 19.6109
-4.12721 19.64
-4.15624 19.6691
-4.18527 19.6982
-4.2143 19.7273
-4.24332 19.7563
-4.27233 19.7854
-4.30134 19.8144
-4.33035 19.8433
-4.35935 19.8723
-4.38834 19.9012
-4.41733 19.9301
-4.44632 19.959
-4.47529 19.9879
-4.50427 20.0167
-4.53324 20.0455
-4.5622 20.0743
-4.59116 20.1031
-4.62011 20.1318
-4.64906 20.1606
-4.678 20.1893
-4.70694 20.2179
-4.73587 20.2466
-4.7648 20.2752
-4.79372 20.3038
-4.82264 20.3324
-4.85155 20.361
-4.88046 20.3896
-4.90936 20.4181
-4.93826 20.4466
-4.96715 20.4751
-4.99604 20.5035
-5.02492 20.532
-5.0538 20.5604
-5.08267 20.5888
-5.11153 20.6172
-5.14039 20.6455
-5.16925 20.6739
-5.1981 20.7022
-5.22695 20.7305
-5.25579 20.7588
-5.28462 20.787
-5.31345 20.8153
-5.34228 20.8435
-5.3711 20.8717
-5.39992 20.8999
-5.42873 20.928
-5.45753 20.9562
-5.48633 20.9843
-5.51513 21.0124
-5.54392 21.0405
-5.5727 21.0686
-5.60148 21.0966
-5.63026 21.1246
-5.65903 21.1526
-5.6878 21.1806
-5.71656 21.2086
-5.73799 21.2385
-5.77127 21.2295
-5.80454 21.2204
-5.83779 21.2113
-5.87103 21.2021
-5.90425 21.1929
-5.93746 21.1836
-5.97066 21.1743
-6.00384 21.1649
-6.03701 21.1555
-6.07016 21.146
-6.1033 21.1365
-6.13642 21.1269
-6.16952 21.1172
-6.20262 21.1075
-6.23569 21.0978
-6.26875 21.088
-6.3018 21.0781
-6.33483 21.0682
-6.36784 21.0583
-6.40084 21.0483
-6.43383 21.0382
-6.46679 21.0281
-6.49974 21.0179
-6.53268 21.0077
-6.5656 20.9975
-6.5985 20.9871
-6.63139 20.9768
-6.66426 20.9663
-6.69711 20.9559
-6.72995 20.9454
-6.76277 20.9348
-6.79558 20.9242
-6.82837 20.9135
-6.86114 20.9027
-6.89389 20.892
-6.92663 20.8811
-6.95935 20.8703
-6.99205 20.8593
-7.02474 20.8483
-7.05741 20.8373
-7.09006 20.8262
-7.1227 20.8151
-7.15531 20.8039
-7.18791 20.7926
-7.22049 20.7813
-7.25306 20.77
-7.2856 20.7586
-7.31813 20.7472
-7.41653 20.7122
-7.44899 20.7005
-7.48142 20.6888
-7.51384 20.6771
-7.54624 20.6653
-7.57862 20.6534
-7.61099 20.6415
-7.64333 20.6296
-7.67565 20.6176
-7.70796 20.6055
-7.74025 20.5934
-7.77252 20.5813
-7.80477 20.569
-7.837 20.5568
-7.86921 20.5445
-7.9014 20.5321
-7.93357 20.5197
-7.96573 20.5072
-7.99786 20.4947
-8.02997 20.4822
-8.06207 20.4696
-8.09414 20.4569
-8.12619 20.4442
-8.15823 20.4314
-8.19024 20.4186
-8.22224 20.4058
-8.25421 20.3928
-8.28616 20.3799
-8.3181 20.3669
-8.35001 20.3538
-8.3819 20.3407
-8.41377 20.3275
-8.44562 20.3143
-8.47745 20.3011
-8.50926 20.2877
-8.54105 20.2744
-8.57282 20.261
-8.60457 20.2475
-8.63629 20.234
-8.668 20.2204
-8.69968 20.2068
-8.73134 20.1932
-8.76298 20.1794
-8.7946 20.1657
-8.8262 20.1519
-8.85777 20.138
-8.88932 20.1241
-8.92086 20.1102
-8.95237 20.0961
-8.9501 20.0594
-8.95476 20.0196
-8.95941 19.9797
-8.96405 19.9398
-8.96868 19.8999
-8.97331 19.86
-8.97792 19.8201
-8.98253 19.7801
-8.98714 19.7401
-8.99173 19.7001
-8.99631 19.6601
-9.00089 19.6201
-9.00546 19.5801
-9.01002 19.54
-9.01457 19.4999
-9.01911 19.4598
-9.02365 19.4197
-9.02817 19.3796
-9.03269 19.3394
-9.0372 19.2992
-9.0417 19.259
-9.04619 19.2188
-9.05067 19.1786
-9.05514 19.1383
-9.0596 19.0981
-9.06405 19.0578
-9.0685 19.0175
-9.07293 18.9771
-9.07736 18.9368
-9.08178 18.8964
-9.08618 18.856
-9.09058 18.8156
-9.09497 18.7752
-9.09934 18.7347
-9.10371 18.6943
-9.10807 18.6538
-9.11242 18.6133
-9.11676 18.5727
-9.12108 18.5322
-9.1254 18.4916
-9.12971 18.451
-9.13401 18.4104
-9.13829 18.3698
-9.14257 18.3291
-9.14684 18.2884
-9.15109 18.2478
-9.15534 18.207
-9.15957 18.1663
-9.16379 18.1255
-9.16801 18.0848
-9.17221 18.0439
-9.1764 18.0031
-9.18058 17.9623
-9.18474 17.9214
-9.1889 17.8805
-9.19305 17.8396
-9.19718 17.7987
-9.2013 17.7577
-9.2013 17.7577
-9.23714 17.778
-9.27297 17.7982
-9.30878 17.8184
-9.34459 17.8386
-9.38038 17.8587
-9.41616 17.8789
-9.45193 17.899
-9.48769 17.9191
-9.52344 17.9392
-9.55917 17.9592
-9.5949 17.9793
-9.63061 17.9993
-9.66631 18.0193
-9.702 18.0393
-9.73768 18.0592
-9.77335 18.0791
-9.80901 18.099
-9.84465 18.1189
-9.88029 18.1388
-9.91591 18.1586
-9.95153 18.1785
-9.98713 18.1983
-10.0227 18.2181
-10.0583 18.2378
-10.0939 18.2576
-10.1294 18.2773
-10.165 18.297
-10.2005 18.3167
-10.236 18.3364
-10.2716 18.356
-10.3071 18.3757
-10.3426 18.3953
-10.378 18.4149
-10.4135 18.4345
-10.449 18.454
-10.4844 18.4736
-10.5199 18.4931
-10.5553 18.5126
-10.5907 18.5321
-10.6261 18.5516
-10.6615 18.571
-10.6969 18.5904
-10.7323 18.6098
-10.7677 18.6292
-10.803 18.6486
-10.8384 18.668
-10.8737 18.6873
-10.9091 18.7067
-10.9444 18.726
-10.9797 18.7453
-11.015 18.7645
-11.0503 18.7838
-11.0856 18.803
-11.1208 18.8223
-11.1561 18.8415
-11.1913 18.8606
-11.2266 18.8798
-11.2553 18.9029
-11.2849 18.8852
-11.3145 18.8675
-11.3441 18.8497
-11.3736 18.8319
-11.4031 18.8141
-11.4326 18.7962
-11.462 18.7782
-11.4914 18.7603
-11.5208 18.7422
-11.5502 18.7241
-11.5795 18.706
-11.6088 18.6878
-11.6381 18.6696
-11.6673 18.6514
-11.6966 18.633
-11.7258 18.6147
-11.7549 18.5963
-11.7841 18.5778
-11.8132 18.5593
-11.8422 18.5408
-11.8713 18.5222
-11.9003 18.5036
-11.9293 18.4849
-11.9582 18.4662
-11.9872 18.4474
-12.0161 18.4286
-12.0449 18.4098
-12.0738 18.3909
-12.1026 18.3719
-12.1314 18.3529
-12.1601 18.3339
-12.1888 18.3148
-12.2175 18.2957
-12.2462 18.2765
-12.2748 18.2573
-12.3034 18.238
-12.332 18.2187
-12.3605 18.1994
-12.3891 18.18
-12.4175 18.1605
-12.446 18.141
-12.4744 18.1215
-12.5028 18.1019
-12.5312 18.0823
-12.5595 18.0627
-12.5878 18.0429
-12.616 18.0232
-12.6443 18.0034
-12.7296 17.9432
-12.7577 17.9232
-12.7858 17.9032
-12.8138 17.8831
-12.8418 17.863
-12.8698 17.8429
-12.8978 17.8227
-12.9257 17.8024
-12.9536 17.7822
-12.9814 17.7618
-13.0093 17.7415
-13.037 17.721
-13.0648 17.7006
-13.0925 17.6801
-13.1202 17.6595
-13.1479 17.639
-13.1755 17.6183
-13.2031 17.5977
-13.2307 17.5769
-13.2582 17.5562
-13.2857 17.5354
-13.3132 17.5145
-13.3406 17.4936
-13.368 17.4727
-13.3954 17.4517
-13.4227 17.4307
-13.45 17.4097
-13.4773 17.3886
-13.5046 17.3674
-13.5318 17.3462
-13.5589 17.325
-13.5861 17.3037
-13.6132 17.2824
-13.6402 17.261
-13.6673 17.2396
-13.6943 17.2182
-13.7213 17.1967
-13.7482 17.1752
-13.7751 17.1536
-13.802 17.132
-13.8288 17.1104
-13.8556 17.0887
-13.8824 17.0669
-13.9091 17.0451
-13.9358 17.0233
-13.9625 17.0015
-13.9891 16.9795
-14.0157 16.9576
-14.0423 16.9356
-14.0302 16.9008
-14.0239 16.8612
-14.0176 16.8216
-14.0113 16.7819
-14.005 16.7422
-13.9987 16.7026
-13.9924 16.6629
-13.986 16.6231
-13.9797 16.5834
-13.9733 16.5437
-13.9669 16.5039
-13.9606 16.4641
-13.9541 16.4243
-13.9477 16.3845
-13.9413 16.3447
-13.9349 16.3049
-13.9284 16.265
-13.9219 16.2251
-13.9154 16.1852
-13.9089 16.1453
-13.9024 16.1054
-13.8959 16.0655
-13.8894 16.0255
-13.8828 15.9856
-13.8762 15.9456
-13.8697 15.9056
-13.8631 15.8656
-13.8565 15.8256
-13.8498 15.7855
-13.8432 15.7454
-13.8365 15.7054
-13.8299 15.6653
-13.8232 15.6252
-13.8165 15.585
-13.8098 15.5449
-13.803 15.5047
-13.7963 15.4645
-13.7895 15.4243
-13.7828 15.3841
-13.776 15.3439
-13.7692 15.3036
-13.7624 15.2634
-13.7555 15.2231
-13.7487 15.1828
-13.7418 15.1425
-13.7349 15.1021
-13.728 15.0618
-13.7211 15.0214
-13.7142 14.981
-13.7072 14.9406
-13.7003 14.9002
-13.6933 14.8598
-13.6863 14.8193
-13.6793 14.7788
-13.6723 14.7383
-13.6652 14.6978
-13.6581 14.6573
-13.6511 14.6167
-13.6511 14.6167
-13.691 14.6266
-13.731 14.6364
-13.7709 14.6462
-13.8109 14.6559
-13.8508 14.6657
-13.8907 14.6754
-13.9305 14.6852
-13.9704 14.6949
-14.0102 14.7046
-14.05 14.7142
-14.0898 14.7239
-14.1296 14.7335
-14.1694 14.7431
-14.2092 14.7527
-14.2489 14.7623
-14.2886 14.7719
-14.3283 14.7814
-14.368 14.791
-14.4077 14.8005
-14.4473 14.81
-14.487 14.8195
-14.5266 14.8289
-14.5662 14.8384
-14.6058 14.8478
-14.6454 14.8573
-14.685 14.8667
-14.7245 14.8761
-14.764 14.8854
-14.8036 14.8948
-14.8431 14.9041
-14.8826 14.9135
-14.922 14.9228
-14.9615 14.9321
-15.0009 14.9413
-15.0403 14.9506
-15.0798 14.9599
-15.1191 14.9691
-15.1585 14.9783
-15.1979 14.9875
-15.2372 14.9967
-15.2766 15.0059
-15.3159 15.0151
-15.3552 15.0242
-15.3945 15.0333
-15.4338 15.0425
-15.473 15.0516
-15.5123 15.0607
-15.5515 15.0697
-15.5907 15.0788
-15.6299 15.0878
-15.6691 15.0969
-15.7083 15.1059
-15.7475 15.1149
-15.7866 15.1239
-15.8258 15.1329
-15.8649 15.1419
-15.904 15.1508
-15.9379 15.1653
-15.9616 15.1403
-15.9853 15.1152
-16.009 15.0901
-16.0326 15.065
-16.0562 15.0399
-16.0798 15.0147
-16.1033 14.9895
-16.1268 14.9642
-16.1502 14.9389
-16.1736 14.9136
-16.1969 14.8882
-16.2203 14.8628
-16.2435 14.8374
-16.2668 14.8119
-16.29 14.7864
-16.3131 14.7608
-16.3362 14.7352
-16.3593 14.7096
-16.3823 14.684
-16.4053 14.6583
-16.4283 14.6325
-16.4512 14.6068
-16.4741 14.581
-16.4969 14.5551
-16.5197 14.5292
-16.5425 14.5033
-16.5652 14.4774
-16.5878 14.4514
-16.6105 14.4254
-16.6331 14.3993
-16.6556 14.3733
-16.6781 14.3471
-16.7006 14.321
-16.723 14.2948
-16.7454 14.2685
-16.7677 14.2423
-16.7901 14.216
-16.8123 14.1896
-16.8345 14.1633
-16.8567 14.1369
-16.8789 14.1104
-16.9009 14.084
-16.923 14.0575
-16.945 14.0309
-16.967 14.0043
-16.9889 13.9777
-17.0108 13.9511
-17.0326 13.9244
-17.0986 13.8434
-17.1202 13.8166
-17.1419 13.7897
-17.1635 13.7628
-17.185 13.7359
-17.2065 13.709
-17.228 13.682
-17.2494 13.655
-17.2708 13.6279
-17.2921 13.6008
-17.3134 13.5737
-17.3347 13.5465
-17.3559 13.5194
-17.3771 13.4921
-17.3982 13.4649
-17.4193 13.4376
-17.4403 13.4103
-17.4613 13.3829
-17.4823 13.3555
-17.5032 13.3281
-17.524 13.3007
-17.5449 13.2732
-17.5657 13.2457
-17.5864 13.2181
-17.6071 13.1905
-17.6277 13.1629
-17.6484 13.1353
-17.6689 13.1076
-17.6894 13.0799
-17.7099 13.0522
-17.7304 13.0244
-17.7507 12.9966
-17.7711 12.9687
-17.7914 12.9409
-17.8117 12.913
-17.8319 12.885
-17.8521 12.8571
-17.8722 12.8291
-17.8923 12.801
-17.9123 12.773
-17.9323 12.7449
-17.9523 12.7168
-17.9722 12.6886
-17.992 12.6604
-18.0119 12.6322
-18.0316 12.604
-18.0514 12.5757
-18.0711 12.5474
-18.0907 12.519
-18.0697 12.4888
-18.053 12.4523
-18.0362 12.4159
-18.0195 12.3794
-18.0027 12.3429
-17.9859 12.3064
-17.9691 12.2699
-17.9523 12.2333
-17.9354 12.1968
-17.9186 12.1602
-17.9017 12.1237
-17.8848 12.0871
-17.8679 12.0505
-17.851 12.0139
-17.8341 11.9773
-17.8171 11.9407
-17.8001 11.904
-17.7831 11.8674
-17.7661 11.8307
-17.7491 11.794
-17.7321 11.7574
-17.715 11.7207
-17.6979 11.684
-17.6809 11.6473
-17.6637 11.6105
-17.6466 11.5738
-17.6295 11.537
-17.6123 11.5003
-17.5951 11.4635
-17.5779 11.4267
-17.5607 11.3899
-17.5435 11.3531
-17.5262 11.3163
-17.5089 11.2794
-17.4916 11.2426
-17.4743 11.2057
-17.457 11.1689
-17.4396 11.132
-17.4223 11.0951
-17.4049 11.0582
-17.3875 11.0213
-17.37 10.9843
-17.3526 10.9474
-17.3351 10.9104
-17.3176 10.8735
-17.3001 10.8365
-17.2826 10.7995
-17.265 10.7625
-17.2475 10.7254
-17.2299 10.6884
-17.2123 10.6514
-17.1946 10.6143
-17.177 10.5772
-17.1593 10.5402
-17.1416 10.5031
-17.1239 10.4659
-17.1061 10.4288
-17.0884 10.3917
-17.0884 10.3917
-17.1295 10.3904
-17.1707 10.389
-17.2118 10.3877
-17.2528 10.3863
-17.2939 10.385
-17.3349 10.3836
-17.3759 10.3822
-17.4169 10.3808
-17.4579 10.3794
-17.4989 10.3779
-17.5398 10.3765
-17.5807 10.375
-17.6216 10.3736
-17.6625 10.3721
-17.7033 10.3706
-17.7442 10.3691
-17.785 10.3676
-17.8258 10.366
-17.8665 10.3645
-17.9073 10.363
-17.948 10.3614
-17.9887 10.3598
-18.0294 10.3582
-18.0701 10.3566
-18.1108 10.355
-18.1514 10.3534
-18.192 10.3518
-18.2326 10.3501
-18.2732 10.3485
-18.3137 10.3468
-18.3543 10.3452
-18.3948 10.3435
-18.4353 10.3418
-18.4758 10.3401
-18.5162 10.3384
-18.5567 10.3366
-18.5971 10.3349
-18.6375 10.3332
-18.6779 10.3314
-18.7183 10.3296
-18.7586 10.3279
-18.799 10.3261
-18.8393 10.3243
-18.8796 10.3225
-18.9199 10.3207
-18.9601 10.3188
-19.0004 10.317
-19.0406 10.3152
-19.0808 10.3133
-19.121 10.3114
-19.1612 10.3096
-19.2013 10.3077
-19.2415 10.3058
-19.2816 10.3039
-19.3217 10.302
-19.3618 10.3001
-19.4019 10.2981
-19.4384 10.3029
-19.4545 10.2724
-19.4706 10.2419
-19.4866 10.2114
-19.5026 10.1808
-19.5185 10.1503
-19.5344 10.1196
-19.5502 10.089
-19.566 10.0584
-19.5818 10.0277
-19.5975 9.99698
-19.6131 9.96625
-19.6287 9.93549
-19.6443 9.90471
-19.6598 9.87391
-19.6752 9.84308
-19.6906 9.81223
-19.706 9.78136
-19.7213 9.75046
-19.7365 9.71954
-19.7517 9.68859
-19.7669 9.65762
-19.782 9.62662
-19.7971 9.59561
-19.8121 9.56456
-19.8271 9.5335
-19.842 9.50241
-19.8569 9.4713
-19.8717 9.44016
-19.8864 9.40901
-19.9012 9.37782
-19.9158 9.34662
-19.9305 9.31539
-19.945 9.28414
-19.9596 9.25287
-19.974 9.22157
-19.9885 9.19025
-20.0029 9.15891
-20.0172 9.12755
-20.0315 9.09616
-20.0457 9.06475
-20.0599 9.03332
-20.074 9.00187
-20.0881 8.9704
-20.1021 8.9389
-20.1161 8.90738
-20.1301 8.87584
-20.144 8.84428
-20.1578 8.81269
-20.1994 8.71691
-20.213 8.68524
-20.2266 8.65354
-20.2402 8.62183
-20.2536 8.59009
-20.2671 8.55834
-20.2805 8.52656
-20.2938 8.49476
-20.3071 8.46294
-20.3203 8.4311
-20.3335 8.39924
-20.3467 8.36736
-20.3598 8.33546
-20.3728 8.30354
-20.3858 8.2716
-20.3987 8.23963
-20.4116 8.20765
-20.4245 8.17565
-20.4373 8.14362
-20.45 8.11158
-20.4627 8.07952
-20.4753 8.04744
-20.4879 8.01533
-20.5004 7.98321
-20.5129 7.95107
-20.5254 7.91891
-20.5378 7.88672
-20.5501 7.85452
-20.5624 7.8223
-20.5746 7.79007
-20.5868 7.75781
-20.5989 7.72553
-20.611 7.69323
-20.6231 7.66092
-20.635 7.62858
-20.647 7.59623
-20.6588 7.56386
-20.6707 7.53147
-20.6825 7.49906
-20.6942 7.46664
-20.7059 7.43419
-20.7175 7.40173
-20.7291 7.36925
-20.7406 7.33675
-20.7521 7.30423
-20.7635 7.27169
-20.7749 7.23914
-20.7862 7.20657
-20.7975 7.17398
-20.7691 7.15056
-20.7431 7.11995
-20.7171 7.08934
-20.6912 7.05873
-20.6652 7.02811
-20.6392 6.99748
-20.6131 6.96685
-20.5871 6.93621
-20.561 6.90556
-20.5349 6.87491
-20.5088 6.84425
-20.4827 6.81359
-20.4565 6.78291
-20.4303 6.75224
-20.4042 6.72155
-20.378 6.69086
-20.3517 6.66016
-20.3255 6.62946
-20.2992 6.59875
-20.2729 6.56804
-20.2466 6.53731
-20.2203 6.50658
-20.194 6.47585
-20.1676 6.44511
-20.1412 6.41436
-20.1148 6.3836
-20.0884 6.35284
-20.0619 6.32207
-20.0355 6.2913
-20.009 6.26052
-19.9825 6.22973
-19.9559 6.19893
-19.9294 6.16813
-19.9028 6.13732
-19.8762 6.10651
-19.8496 6.07569
-19.823 6.04486
-19.7963 6.01403
-19.7696 5.98319
-19.7429 5.95234
-19.7162 5.92149
-19.6894 5.89062
-19.6627 5.85976
-19.6359 5.82888
-19.6091 5.798
-19.5822 5.76711
-19.5554 5.73622
-19.5285 5.70532
-19.5016 5.67441
-19.4746 5.6435
-19.4477 5.61257
-19.4207 5.58165
-19.3937 5.55071
-19.3667 5.51977
-19.3396 5.48882
-19.3126 5.45787
-19.2855 5.4269
-19.2583 5.39594
-19.2583 5.39594
-19.2976 5.38357
-19.3368 5.37119
-19.3761 5.35881
-19.4153 5.34642
-19.4544 5.33402
-19.4936 5.32162
-19.5327 5.30921
-19.5718 5.2968
-19.6109 5.28438
-19.6499 5.27195
-19.6889 5.25951
-19.7279 5.24707
-19.7669 5.23463
-19.8059 5.22217
-19.8448 5.20972
-19.8837 5.19725
-19.9226 5.18478
-19.9615 5.17231
-20.0003 5.15982
-20.0391 5.14734
-20.0779 5.13484
-20.1167 5.12234
-20.1555 5.10984
-20.1942 5.09733
-20.2329 5.08481
-20.2716 5.07229
-20.3103 5.05977
-20.3489 5.04723
-20.3875 5.0347
-20.4261 5.02215
-20.4647 5.00961
-20.5033 4.99705
-20.5418 4.9845
-20.5804 4.97193
-20.6189 4.95937
-20.6573 4.94679
-20.6958 4.93422
-20.7342 4.92163
-20.7726 4.90905
-20.811 4.89645
-20.8494 4.88386
-20.8878 4.87125
-20.9261 4.85865
-20.9644 4.84604
-21.0027 4.83342
-21.041 4.8208
-21.0793 4.80818
-21.1175 4.79555
-21.1557 4.78291
-21.1939 4.77028
-21.2321 4.75763
-21.2703 4.74499
-21.3084 4.73234
-21.3465 4.71968
-21.3846 4.70702
-21.4227 4.69436
-21.4608 4.68169
-21.4972 4.67644
-21.5045 4.64274
-21.5118 4.60902
-21.519 4.5753
-21.5261 4.54157
-21.5332 4.50782
-21.5403 4.47406
-21.5472 4.4403
-21.5542 4.40652
-21.5611 4.37273
-21.5679 4.33893
-21.5747 4.30512
-21.5814 4.2713
-21.588 4.23746
-21.5947 4.20362
-21.6012 4.16977
-21.6077 4.13591
-21.6142 4.10203
-21.6206 4.06815
-21.6269 4.03426
-21.6332 4.00035
-21.6395 3.96644
-21.6457 3.93252
-21.6518 3.89859
-21.6579 3.86465
-21.6639 3.83069
-21.6699 3.79673
-21.6758 3.76276
-21.6817 3.72878
-21.6875 3.6948
-21.6933 3.6608
-21.699 3.62679
-21.7047 3.59278
-21.7103 3.55875
-21.7158 3.52472
-21.7213 3.49068
-21.7268 3.45663
-21.7321 3.42257
-21.7375 3.3885
-21.7428 3.35443
-21.748 3.32034
-21.7532 3.28625
-21.7583 3.25215
-21.7634 3.21804
-21.7684 3.18393
-21.7733 3.1498
-21.7783 3.11567
-21.7831 3.08153
-21.7879 3.04739
-21.8021 2.94393
-21.8067 2.90975
-21.8113 2.87557
-21.8157 2.84138
-21.8202 2.80718
-21.8245 2.77298
-21.8289 2.73877
-21.8331 2.70455
-21.8373 2.67032
-21.8415 2.63609
-21.8456 2.60186
-21.8497 2.56761
-21.8537 2.53336
-21.8576 2.4991
-21.8615 2.46484
-21.8653 2.43057
-21.8691 2.3963
-21.8728 2.36202
-21.8765 2.32773
-21.8801 2.29344
-21.8837 2.25914
-21.8872 2.22484
-21.8907 2.19053
-21.8941 2.15622
-21.8974 2.1219
-21.9007 2.08757
-21.904 2.05324
-21.9072 2.01891
-21.9103 1.98457
-21.9134 1.95022
-21.9164 1.91587
-21.9194 1.88152
-21.9223 1.84716
-21.9252 1.8128
-21.928 1.77843
-21.9308 1.74406
-21.9335 1.70968
-21.9361 1.6753
-21.9387 1.64092
-21.9413 1.60653
-21.9438 1.57214
-21.9462 1.53774
-21.9486 1.50334
-21.9509 1.46893
-21.9532 1.43453
-21.9554 1.40012
-21.9576 1.3657
-21.9597 1.33128
-21.9617 1.29686
-21.9281 1.28197
-21.8948 1.2595
-21.8616 1.23703
-21.8283 1.21456
-21.795 1.19209
-21.7617 1.16962
-21.7284 1.14715
-21.695 1.12467
-21.6616 1.1022
-21.6282 1.07972
-21.5948 1.05724
-21.5614 1.03476
-21.5279 1.01228
-21.4945 0.989804
-21.461 0.967323
-21.4275 0.944841
-21.3939 0.922358
-21.3604 0.899874
-21.3268 0.877389
-21.2932 0.854903
-21.2596 0.832417
-21.2259 0.809929
-21.1923 0.787441
-21.1586 0.764952
-21.1249 0.742463
-21.0912 0.719972
-21.0574 0.697481
-21.0236 0.674989
-20.9899 0.652496
-20.956 0.630003
-20.9222 0.607509
-20.8884 0.585014
-20.8545 0.562519
-20.8206 0.540023
-20.7867 0.517527
-20.7527 0.49503
-20.7188 0.472532
-20.6848 0.450034
-20.6507 0.427536
-20.6167 0.405037
-20.5827 0.382537
-20.5486 0.360038
-20.5145 0.337537
-20.4803 0.315037
-20.4462 0.292535
-20.412 0.270034
-20.3778 0.247532
-20.3436 0.22503
-20.3093 0.202528
-20.2751 0.180026
-20.2408 0.157523
-20.2064 0.13502
-20.1721 0.112517
-20.1377 0.0900137
-20.1033 0.0675104
-20.0689 0.045007
-20.0345 0.0225035
-20 1.33227e-15
-20 3.56632e-15
-20.0345 -0.0225035
-20.0689 -0.045007
-20.1033 -0.0675104
-20.1377 -0.0900137
-20.1721 -0.112517
-20.2064 -0.13502
-20.2408 -0.157523
-20.2751 -0.180026
-20.3093 -0.202528
-20.3436 -0.22503
-20.3778 -0.247532
-20.412 -0.270034
-20.4462 -0.292535
-20.4803 -0.315037
-20.5145 -0.337537
-20.5486 -0.360038
-20.5827 -0.382537
-20.6167 -0.405037
-20.6507 -0.427536
-20.6848 -0.450034
-20.7188 -0.472532
-20.7527 -0.49503
-20.7867 -0.517527
-20.8206 -0.540023
-20.8545 -0.562519
-20.8884 -0.585014
-20.9222 -0.607509
-20.956 -0.630003
-20.9899 -0.652496
-21.0236 -0.674989
-21.0574 -0.697481
-21.0912 -0.719972
-21.1249 -0.742463
-21.1586 -0.764952
-21.1923 -0.787441
-21.2259 -0.809929
-21.2596 -0.832417
-21.2932 -0.854903
-21.3268 -0.877389
-21.3604 -0.899874
-21.3939 -0.922358
-21.4275 -0.944841
-21.461 -0.967323
-21.4945 -0.989804
-21.5279 -1.01228
-21.5614 -1.03476
-21.5948 -1.05724
-21.6282 -1.07972
-21.6616 -1.1022
-21.695 -1.12467
-21.7284 -1.14715
-21.7617 -1.16962
-21.795 -1.19209
-21.8283 -1.21456
-21.8616 -1.23703
-21.8948 -1.2595
-21.9281 -1.28197
-21.9617 -1.29686
-21.9597 -1.33128
-21.9576 -1.3657
-21.9554 -1.40012
-21.9532 -1.43453
-21.9509 -1.46893
-21.9486 -1.50334
-21.9462 -1.53774
-21.9438 -1.57214
-21.9413 -1.60653
-21.9387 -1.64092
-21.9361 -1.6753
-21.9335 -1.70968
-21.9308 -1.74406
-21.928 -1.77843
-21.9252 -1.8128
-21.9223 -1.84716
-21.9194 -1.88152
-21.9164 -1.91587
-21.9134 -1.95022
-21.9103 -1.98457
-21.9072 -2.01891
-21.904 -2.05324
-21.9007 -2.08757
-21.8974 -2.1219
-21.8941 -2.15622
-21.8907 -2.19053
-21.8872 -2.22484
-21.8837 -2.25914
-21.8801 -2.29344
-21.8765 -2.32773
-21.8728 -2.36202
-21.8691 -2.3963
-21.8653 -2.43057
-21.8615 -2.46484
-21.8576 -2.4991
-21.8537 -2.53336
-21.8497 -2.56761
-21.8456 -2.60186
-21.8415 -2.63609
-21.8373 -2.67032
-21.8331 -2.70455
-21.8289 -2.73877
-21.8245 -2.77298
-21.8202 -2.80718
-21.8157 -2.84138
-21.8113 -2.87557
-21.8067 -2.90975
-21.8021 -2.94393
-21.7879 -3.04739
-21.7831 -3.08153
-21.7783 -3.11567
-21.7733 -3.1498
-21.7684 -3.18393
-21.7634 -3.21804
-21.7583 -3.25215
-21.7532 -3.28625
-21.748 -3.32034
-21.7428 -3.35443
-21.7375 -3.3885
-21.7321 -3.42257
-21.7268 -3.45663
-21.7213 -3.49068
-21.7158 -3.52472
-21.7103 -3.55875
-21.7047 -3.59278
-21.699 -3.62679
-21.6933 -3.6608
-21.6875 -3.6948
-21.6817 -3.72878
-21.6758 -3.76276
-21.6699 -3.79673
-21.6639 -3.83069
-21.6579 -3.86465
-21.6518 -3.89859
-21.6457 -3.93252
-21.6395 -3.96644
-21.6332 -4.00035
-21.6269 -4.03426
-21.6206 -4.06815
-21.6142 -4.10203
-21.6077 -4.13591
-21.6012 -4.16977
-21.5947 -4.20362
-21.588 -4.23746
-21.5814 -4.2713
-21.5747 -4.30512
-21.5679 -4.33893
-21.5611 -4.37273
-21.5542 -4.40652
-21.5472 -4.4403
-21.5403 -4.47406
-21.5332 -4.50782
-21.5261 -4.54157
-21.519 -4.5753
-21.5118 -4.60902
-21.5045 -4.64274
-21.4972 -4.67644
-21.4608 -4.68169
-21.4227 -4.69436
-21.3846 -4.70702
-21.3465 -4.71968
-21.3084 -4.73234
-21.2703 -4.74499
-21.2321 -4.75763
-21.1939 -4.77028
-21.1557 -4.78291
-21.1175 -4.79555
-21.0793 -4.80818
-21.041 -4.8208
-21.0027 -4.83342
-20.9644 -4.84604
-20.9261 -4.85865
-20.8878 -4.87125
-20.8494 -4.88386
-20.811 -4.89645
-20.7726 -4.90905
-20.7342 -4.92163
-20.6958 -4.93422
-20.6573 -4.94679
-20.6189 -4.95937
-20.5804 -4.97193
-20.5418 -4.9845
-20.5033 -4.99705
-20.4647 -5.00961
-20.4261 -5.02215
-20.3875 -5.0347
-20.3489 -5.04723
-20.3103 -5.05977
-20.2716 -5.07229
-20.2329 -5.08481
-20.1942 -5.09733
-20.1555 -5.10984
-20.1167 -5.12234
-20.0779 -5.13484
-20.0391 -5.14734
-20.0003 -5.15982
-19.9615 -5.17231
-19.9226 -5.18478
-19.8837 -5.19725
-19.8448 -5.20972
-19.8059 -5.22217
-19.7669 -5.23463
-19.7279 -5.24707
-19.6889 -5.25951
-19.6499 -5.27195
-19.6109 -5.28438
-19.5718 -5.2968
-19.5327 -5.30921
-19.4936 -5.32162
-19.4544 -5.33402
-19.4153 -5.34642
-19.3761 -5.35881
-19.3368 -5.37119
-19.2976 -5.38357
-19.2583 -5.39594
-19.2583 -5.39594
-19.2855 -5.4269
-19.3126 -5.45787
-19.3396 -5.48882
-19.3667 -5.51977
-19.3937 -5.55071
-19.4207 -5.58165
-19.4477 -5.61257
-19.4746 -5.6435
-19.5016 -5.67441
-19.5285 -5.70532
-19.5554 -5.73622
-19.5822 -5.76711
-19.6091 -5.798
-19.6359 -5.82888
-19.6627 -5.85976
-19.6894 -5.89062
-19.7162 -5.92149
-19.7429 -5.95234
-19.7696 -5.98319
-19.7963 -6.01403
-19.823 -6.04486
-19.8496 -6.07569
-19.8762 -6.10651
-19.9028 -6.13732
-19.9294 -6.16813
-19.9559 -6.19893
-19.9825 -6.22973
-20.009 -6.26052
-20.0355 -6.2913
-20.0619 -6.32207
-20.0884 -6.35284
-20.1148 -6.3836
-20.1412 -6.41436
-20.1676 -6.44511
-20.194 -6.47585
-20.2203 -6.50658
-20.2466 -6.53731
-20.2729 -6.56804
-20.2992 -6.59875
-20.3255 -6.62946
-20.3517 -6.66016
-20.378 -6.69086
-20.4042 -6.72155
-20.4303 -6.75224
-20.4565 -6.78291
-20.4827 -6.81359
-20.5088 -6.84425
-20.5349 -6.87491
-20.561 -6.90556
-20.5871 -6.93621
-20.6131 -6.96685
-20.6392 -6.99748
-20.6652 -7.02811
-20.6912 -7.05873
-20.7171 -7.08934
-20.7431 -7.11995
-20.7691 -7.15056
-20.7975 -7.17398
-20.7862 -7.20657
-20.7749 -7.23914
-20.7635 -7.27169
-20.7521 -7.30423
-20.7406 -7.33675
-20.7291 -7.36925
-20.7175 -7.40173
-20.7059 -7.43419
-20.6942 -7.46664
-20.6825 -7.49906
-20.6707 -7.53147
-20.6588 -7.56386
-20.647 -7.59623
-20.635 -7.62858
-20.6231 -7.66092
-20.611 -7.69323
-20.5989 -7.72553
-20.5868 -7.75781
-20.5746 -7.79007
-20.5624 -7.8223
-20.5501 -7.85452
-20.5378 -7.88672
-20.5254 -7.91891
-20.5129 -7.95107
-20.5004 -7.98321
-20.4879 -8.01533
-20.4753 -8.04744
-20.4627 -8.07952
-20.45 -8.11158
-20.4373 -8.14362
-20.4245 -8.17565
-20.4116 -8.20765
-20.3987 -8.23963
-20.3858 -8.2716
-20.3728 -8.30354
-20.3598 -8.33546
-20.3467 -8.36736
-20.3335 -8.39924
-20.3203 -8.4311
-20.3071 -8.46294
-20.2938 -8.49476
-20.2805 -8.52656
-20.2671 -8.55834
-20.2536 -8.59009
-20.2402 -8.62183
-20.2266 -8.65354
-20.213 -8.68524
-20.1994 -8.71691
-20.1578 -8.81269
-20.144 -8.84428
-20.1301 -8.87584
-20.1161 -8.90738
-20.1021 -8.9389
-20.0881 -8.9704
-20.074 -9.00187
-20.0599 -9.03332
-20.0457 -9.06475
-20.0315 -9.09616
-20.0172 -9.12755
-20.0029 -9.15891
-19.9885 -9.19025
-19.974 -9.22157
-19.9596 -9.25287
-19.945 -9.28414
-19.9305 -9.31539
-19.9158 -9.34662
-19.9012 -9.37782
-19.8864 -9.40901
-19.8717 -9.44016
-19.8569 -9.4713
-19.842 -9.50241
-19.8271 -9.5335
-19.8121 -9.56456
-19.7971 -9.59561
-19.782 -9.62662
-19.7669 -9.65762
-19.7517 -9.68859
-19.7365 -9.71954
-19.7213 -9.75046
-19.706 -9.78136
-19.6906 -9.81223
-19.6752 -9.84308
-19.6598 -9.87391
-19.6443 -9.90471
-19.6287 -9.93549
-19.6131 -9.96625
-19.5975 -9.99698
-19.5818 -10.0277
-19.566 -10.0584
-19.5502 -10.089
-19.5344 -10.1196
-19.5185 -10.1503
-19.5026 -10.1808
-19.4866 -10.2114
-19.4706 -10.2419
-19.4545 -10.2724
-19.4384 -10.3029
-19.4019 -10.2981
-19.3618 -10.3001
-19.3217 -10.302
-19.2816 -10.3039
-19.2415 -10.3058
-19.2013 -10.3077
-19.1612 -10.3096
-19.121 -10.3114
-19.0808 -10.3133
-19.0406 -10.3152
-19.0004 -10.317
-18.9601 -10.3188
-18.9199 -10.3207
-18.8796 -10.3225
-18.8393 -10.3243
-18.799 -10.3261
-18.7586 -10.3279
-18.7183 -10.3296
-18.6779 -10.3314
-18.6375 -10.3332
-18.5971 -10.3349
-18.5567 -10.3366
-18.5162 -10.3384
-18.4758 -10.3401
-18.4353 -10.3418
-18.3948 -10.3435
-18.3543 -10.3452
-18.3137 -10.3468
-18.2732 -10.3485
-18.2326 -10.3501
-18.192 -10.3518
-18.1514 -10.3534
-18.1108 -10.355
-18.0701 -10.3566
-18.0294 -10.3582
-17.9887 -10.3598
-17.948 -10.3614
-17.9073 -10.363
-17.8665 -10.3645
-17.8258 -10.366
-17.785 -10.3676
-17.7442 -10.3691
-17.7033 -10.3706
-17.6625 -10.3721
-17.6216 -10.3736
-17.5807 -10.375
-17.5398 -10.3765
-17.4989 -10.3779
-17.4579 -10.3794
-17.4169 -10.3808
-17.3759 -10.3822
-17.3349 -10.3836
-17.2939 -10.385
-17.2528 -10.3863
-17.2118 -10.3877
-17.1707 -10.389
-17.1295 -10.3904
-17.0884 -10.3917
-17.0884 -10.3917
-17.1061 -10.4288
-17.1239 -10.4659
-17.1416 -10.5031
-17.1593 -10.5402
-17.177 -10.5772
-17.1946 -10.6143
-17.2123 -10.6514
-17.2299 -10.6884
-17.2475 -10.7254
-17.265 -10.7625
-17.2826 -10.7995
-17.3001 -10.8365
-17.3176 -10.8735
-17.3351 -10.9104
-17.3526 -10.9474
-17.37 -10.9843
-17.3875 -11.0213
-17.4049 -11.0582
-17.4223 -11.0951
-17.4396 -11.132
-17.457 -11.1689
-17.4743 -11.2057
-17.4916 -11.2426
-17.5089 -11.2794
-17.5262 -11.3163
-17.5435 -11.3531
-17.5607 -11.3899
-17.5779 -11.4267
-17.5951 -11.4635
-17.6123 -11.5003
-17.6295 -11.537
-17.6466 -11.5738
-17.6637 -11.6105
-17.6809 -11.6473
-17.6979 -11.684
-17.715 -11.7207
-17.7321 -11.7574
-17.7491 -11.794
-17.7661 -11.8307
-17.7831 -11.8674
-17.8001 -11.904
-17.8171 -11.9407
-17.8341 -11.9773
-17.851 -12.0139
-17.8679 -12.0505
-17.8848 -12.0871
-17.9017 -12.1237
-17.9186 -12.1602
-17.9354 -12.1968
-17.9523 -12.2333
-17.9691 -12.2699
-17.9859 -12.3064
-18.0027 -12.3429
-18.0195 -12.3794
-18.0362 -12.4159
-18.053 -12.4523
-18.0697 -12.4888
-18.0907 -12.519
-18.0711 -12.5474
-18.0514 -12.5757
-18.0316 -12.604
-18.0119 -12.6322
-17.992 -12.6604
-17.9722 -12.6886
-17.9523 -12.7168
-17.9323 -12.7449
-17.9123 -12.773
-17.8923 -12.801
-17.8722 -12.8291
-17.8521 -12.8571
-17.8319 -12.885
-17.8117 -12.913
-17.7914 -12.9409
-17.7711 -12.9687
-17.7507 -12.9966
-17.7304 -13.0244
-17.7099 -13.0522
-17.6894 -13.0799
-17.6689 -13.1076
-17.6484 -13.1353
-17.6277 -13.1629
-17.6071 -13.1905
-17.5864 -13.2181
-17.5657 -13.2457
-17.5449 -13.2732
-17.524 -13.3007
-17.5032 -13.3281
-17.4823 -13.3555
-17.4613 -13.3829
-17.4403 -13.4103
-17.4193 -13.4376
-17.3982 -13.4649
-17.3771 -13.4921
-17.3559 -13.5194
-17.3347 -13.5465
-17.3134 -13.5737
-17.2921 -13.6008
-17.2708 -13.6279
-17.2494 -13.655
-17.228 -13.682
-17.2065 -13.709
-17.185 -13.7359
-17.1635 -13.7628
-17.1419 -13.7897
-17.1202 -13.8166
-17.0986 -13.8434
-17.0326 -13.9244
-17.0108 -13.9511
-16.9889 -13.9777
-16.967 -14.0043
-16.945 -14.0309
-16.923 -14.0575
-16.9009 -14.084
-16.8789 -14.1104
-16.8567 -14.1369
-16.8345 -14.1633
-16.8123 -14.1896
-16.7901 -14.216
-16.7677 -14.2423
-16.7454 -14.2685
-16.723 -14.2948
-16.7006 -14.321
-16.6781 -14.3471
-16.6556 -14.3733
-16.6331 -14.3993
-16.6105 -14.4254
-16.5878 -14.4514
-16.5652 -14.4774
-16.5425 -14.5033
-16.5197 -14.5292
-16.4969 -14.5551
-16.4741 -14.581
-16.4512 -14.6068
-16.4283 -14.6325
-16.4053 -14.6583
-16.3823 -14.684
-16.3593 -14.7096
-16.3362 -14.7352
-16.3131 -14.7608
-16.29 -14.7864
-16.2668 -14.8119
-16.2435 -14.8374
-16.2203 -14.8628
-16.1969 -14.8882
-16.1736 -14.9136
-16.1502 -14.9389
-16.1268 -14.9642
-16.1033 -14.9895
-16.0798 -15.0147
-16.0562 -15.0399
-16.0326 -15.065
-16.009 -15.0901
-15.9853 -15.1152
-15.9616 -15.1403
-15.9379 -15.1653
-15.904 -15.1508
-15.8649 -15.1419
-15.8258 -15.1329
-15.7866 -15.1239
-15.7475 -15.1149
-15.7083 -15.1059
-15.6691 -15.0969
-15.6299 -15.0878
-15.5907 -15.0788
-15.5515 -15.0697
-15.5123 -15.0607
-15.473 -15.0516
-15.4338 -15.0425
-15.3945 -15.0333
-15.3552 -15.0242
-15.3159 -15.0151
-15.2766 -15.0059
-15.2372 -14.9967
-15.1979 -14.9875
-15.1585 -14.9783
-15.1191 -14.9691
-15.0798 -14.9599
-15.0403 -14.9506
-15.0009 -14.9413
-14.9615 -14.9321
-14.922 -14.9228
-14.8826 -14.9135
-14.8431 -14.9041
-14.8036 -14.8948
-14.764 -14.8854
-14.7245 -14.8761
-14.685 -14.8667
-14.6454 -14.8573
-14.6058 -14.8478
-14.5662 -14.8384
-14.5266 -14.8289
-14.487 -14.8195
-14.4473 -14.81
-14.4077 -14.8005
-14.368 -14.791
-14.3283 -14.7814
-14.2886 -14.7719
-14.2489 -14.7623
-14.2092 -14.7527
-14.1694 -14.7431
-14.1296 -14.7335
-14.0898 -14.7239
-14.05 -14.7142
-14.0102 -14.7046
-13.9704 -14.6949
-13.9305 -14.6852
-13.8907 -14.6754
-13.8508 -14.6657
-13.8109 -14.6559
-13.7709 -14.6462
-13.731 -14.6364
-13.691 -14.6266
-13.6511 -14.6167
-13.6511 -14.6167
-13.6581 -14.6573
-13.6652 -14.6978
-13.6723 -14.7383
-13.6793 -14.7788
-13.6863 -14.8193
-13.6933 -14.8598
-13.7003 -14.9002
-13.7072 -14.9406
-13.7142 -14.981
-13.7211 -15.0214
-13.728 -15.0618
-13.7349 -15.1021
-13.7418 -15.1425
-13.7487 -15.1828
-13.7555 -15.2231
-13.7624 -15.2634
-13.7692 -15.3036
-13.776 -15.3439
-13.7828 -15.3841
-13.7895 -15.4243
-13.7963 -15.4645
-13.803 -15.5047
-13.8098 -15.5449
-13.8165 -15.585
-13.8232 -15.6252
-13.8299 -15.6653
-13.8365 -15.7054
-13.8432 -15.7454
-13.8498 -15.7855
-13.8565 -15.8256
-13.8631 -15.8656
-13.8697 -15.9056
-13.8762 -15.9456
-13.8828 -15.9856
-13.8894 -16.0255
-13.8959 -16.0655
-13.9024 -16.1054
-13.9089 -16.1453
-13.9154 -16.1852
-13.9219 -16.2251
-13.9284 -16.265
-13.9349 -16.3049
-13.9413 -16.3447
-13.9477 -16.3845
-13.9541 -16.4243
-13.9606 -16.4641
-13.9669 -16.5039
-13.9733 -16.5437
-13.9797 -16.5834
-13.986 -16.6231
-13.9924 -16.6629
-13.9987 -16.7026
-14.005 -16.7422
-14.0113 -16.7819
-14.0176 -16.8216
-14.0239 -16.8612
-14.0302 -16.9008
-14.0423 -16.9356
-14.0157 -16.9576
-13.9891 -16.9795
-13.9625 -17.0015
-13.9358 -17.0233
-13.9091 -17.0451
-13.8824 -17.0669
-13.8556 -17.0887
-13.8288 -17.1104
-13.802 -17.132
-13.7751 -17.1536
-13.7482 -17.1752
-13.7213 -17.1967
-13.6943 -17.2182
-13.6673 -17.2396
-13.6402 -17.261
-13.6132 -17.2824
-13.5861 -17.3037
-13.5589 -17.325
-13.5318 -17.3462
-13.5046 -17.3674
-13.4773 -17.3886
-13.45 -17.4097
-13.4227 -17.4307
-13.3954 -17.4517
-13.368 -17.4727
-13.3406 -17.4936
-13.3132 -17.5145
-13.2857 -17.5354
-13.2582 -17.5562
-13.2307 -17.5769
-13.2031 -17.5977
-13.1755 -17.6183
-13.1479 -17.639
-13.1202 -17.6595
-13.0925 -17.6801
-13.0648 -17.7006
-13.037 -17.721
-13.0093 -17.7415
-12.9814 -17.7618
-12.9536 -17.7822
-12.9257 -17.8024
-12.8978 -17.8227
-12.8698 -17.8429
-12.8418 -17.863
-12.8138 -17.8831
-12.7858 -17.9032
-12.7577 -17.9232
-12.7296 -17.9432
-12.6443 -18.0034
-12.616 -18.0232
-12.5878 -18.0429
-12.5595 -18.0627
-12.5312 -18.0823
-12.5028 -18.1019
-12.4744 -18.1215
-12.446 -18.141
-12.4175 -18.1605
-12.3891 -18.18
-12.3605 -18.1994
-12.332 -18.2187
-12.3034 -18.238
-12.2748 -18.2573
-12.2462 -18.2765
-12.2175 -18.2957
-12.1888 -18.3148
-12.1601 -18.3339
-12.1314 -18.3529
-12.1026 -18.3719
-12.0738 -18.3909
-12.0449 -18.4098
-12.0161 -18.4286
-11.9872 -18.4474
-11.9582 -18.4662
-11.9293 -18.4849
-11.9003 -18.5036
-11.8713 -18.5222
-11.8422 -18.5408
-11.8132 -18.5593
-11.7841 -18.5778
-11.7549 -18.5963
-11.7258 -18.6147
-11.6966 -18.633
-11.6673 -18.6514
-11.6381 -18.6696
-11.6088 -18.6878
-11.5795 -18.706
-11.5502 -18.7241
-11.5208 -18.7422
-11.4914 -18.7603
-11.462 -18.7782
-11.4326 -18.7962
-11.4031 -18.8141
-11.3736 -18.8319
-11.3441 -18.8497
-11.3145 -18.8675
-11.2849 -18.8852
-11.2553 -18.9029
-11.2266 -18.8798
-11.1913 -18.8606
-11.1561 -18.8415
-11.1208 -18.8223
-11.0856 -18.803
-11.0503 -18.7838
-11.015 -18.7645
-10.9797 -18.7453
-10.9444 -18.726
-10.9091 -18.7067
-10.8737 -18.6873
-10.8384 -18.668
-10.803 -18.6486
-10.7677 -18.6292
-10.7323 -18.6098
-10.6969 -18.5904
-10.6615 -18.571
-10.6261 -18.5516
-10.5907 -18.5321
-10.5553 -18.5126
-10.5199 -18.4931
-10.4844 -18.4736
-10.449 -18.454
-10.4135 -18.4345
-10.378 -18.4149
-10.3426 -18.3953
-10.3071 -18.3757
-10.2716 -18.356
-10.236 -18.3364
-10.2005 -18.3167
-10.165 -18.297
-10.1294 -18.2773
-10.0939 -18.2576
-10.0583 -18.2378
-10.0227 -18.2181
-9.98713 -18.1983
-9.95153 -18.1785
-9.91591 -18.1586
-9.88029 -18.1388
-9.84465 -18.1189
-9.80901 -18.099
-9.77335 -18.0791
-9.73768 -18.0592
-9.702 -18.0393
-9.66631 -18.0193
-9.63061 -17.9993
-9.5949 -17.9793
-9.55917 -17.9592
-9.52344 -17.9392
-9.48769 -17.9191
-9.45193 -17.899
-9.41616 -17.8789
-9.38038 -17.8587
-9.34459 -17.8386
-9.30878 -17.8184
-9.27297 -17.7982
-9.23714 -17.778
-9.2013 -17.7577
-9.2013 -17.7577
-9.19718 -17.7987
-9.19305 -17.8396
-9.1889 -17.8805
-9.18474 -17.9214
-9.18058 -17.9623
-9.1764 -18.0031
-9.17221 -18.0439
-9.16801 -18.0848
-9.16379 -18.1255
-9.15957 -18.1663
-9.15534 -18.207
-9.15109 -18.2478
-9.14684 -18.2884
-9.14257 -18.3291
-9.13829 -18.3698
-9.13401 -18.4104
-9.12971 -18.451
-9.1254 -18.4916
-9.12108 -18.5322
-9.11676 -18.5727
-9.11242 -18.6133
-9.10807 -18.6538
-9.10371 -18.6943
-9.09934 -18.7347
-9.09497 -18.7752
-9.09058 -18.8156
-9.08618 -18.856
-9.08178 -18.8964
-9.07736 -18.9368
-9.07293 -18.9771
-9.0685 -19.0175
-9.06405 -19.0578
-9.0596 -19.0981
-9.05514 -19.1383
-9.05067 -19.1786
-9.04619 -19.2188
-9.0417 -19.259
-9.0372 -19.2992
-9.03269 -19.3394
-9.02817 -19.3796
-9.02365 -19.4197
-9.01911 -19.4598
-9.01457 -19.4999
-9.01002 -19.54
-9.00546 -19.5801
-9.00089 -19.6201
-8.99631 -19.6601
-8.99173 -19.7001
-8.98714 -19.7401
-8.98253 -19.7801
-8.97792 -19.8201
-8.97331 -19.86
-8.96868 -19.8999
-8.96405 -19.9398
-8.95941 -19.9797
-8.95476 -20.0196
-8.9501 -20.0594
-8.95237 -20.0961
-8.92086 -20.1102
-8.88932 -20.1241
-8.85777 -20.138
-8.8262 -20.1519
-8.7946 -20.1657
-8.76298 -20.1794
-8.73134 -20.1932
-8.69968 -20.2068
-8.668 -20.2204
-8.63629 -20.234
-8.60457 -20.2475
-8.57282 -20.261
-8.54105 -20.2744
-8.50926 -20.2877
-8.47745 -20.3011
-8.44562 -20.3143
-8.41377 -20.3275
-8.3819 -20.3407
-8.35001 -20.3538
-8.3181 -20.3669
-8.28616 -20.3799
-8.25421 -20.3928
-8.22224 -20.4058
-8.19024 -20.4186
-8.15823 -20.4314
-8.12619 -20.4442
-8.09414 -20.4569
-8.06207 -20.4696
-8.02997 -20.4822
-7.99786 -20.4947
-7.96573 -20.5072
-7.93357 -20.5197
-7.9014 -20.5321
-7.86921 -20.5445
-7.837 -20.5568
-7.80477 -20.569
-7.77252 -20.5813
-7.74025 -20.5934
-7.70796 -20.6055
-7.67565 -20.6176
-7.64333 -20.6296
-7.61099 -20.6415
-7.57862 -20.6534
-7.54624 -20.6653
-7.51384 -20.6771
-7.48142 -20.6888
-7.44899 -20.7005
-7.41653 -20.7122
-7.31813 -20.7472
-7.2856 -20.7586
-7.25306 -20.77
-7.22049 -20.7813
-7.18791 -20.7926
-7.15531 -20.8039
-7.1227 -20.8151
-7.09006 -20.8262
-7.05741 -20.8373
-7.02474 -20.8483
-6.99205 -20.8593
-6.95935 -20.8703
-6.92663 -20.8811
-6.89389 -20.892
-6.86114 -20.9027
-6.82837 -20.9135
-6.79558 -20.9242
-6.76277 -20.9348
-6.72995 -20.9454
-6.69711 -20.9559
-6.66426 -20.9663
-6.63139 -20.9768
-6.5985 -20.9871
-6.5656 -20.9975
-6.53268 -21.0077
-6.49974 -21.0179
-6.46679 -21.0281
-6.43383 -21.0382
-6.40084 -21.0483
-6.36784 -21.0583
-6.33483 -21.0682
-6.3018 -21.0781
-6.26875 -21.088
-6.23569 -21.0978
-6.20262 -21.1075
-6.16952 -21.1172
-6.13642 -21.1269
-6.1033 -21.1365
-6.07016 -21.146
-6.03701 -21.1555
-6.00384 -21.1649
-5.97066 -21.1743
-5.93746 -21.1836
-5.90425 -21.1929
-5.87103 -21.2021
-5.83779 -21.2113
-5.80454 -21.2204
-5.77127 -21.2295
-5.73799 -21.2385
-5.71656 -21.2086
-5.6878 -21.1806
-5.65903 -21.1526
-5.63026 -21.1246
-5.60148 -21.0966
-5.5727 -21.0686
-5.54392 -21.0405
-5.51513 -21.0124
-5.48633 -20.9843
-5.45753 -20.9562
-5.42873 -20.928
-5.39992 -20.8999
-5.3711 -20.8717
-5.34228 -20.8435
-5.31345 -20.8153
-5.28462 -20.787
-5.25579 -20.7588
-5.22695 -20.7305
-5.1981 -20.7022
-5.16925 -20.6739
-5.14039 -20.6455
-5.11153 -20.6172
-5.08267 -20.5888
-5.0538 -20.5604
-5.02492 -20.532
-4.99604 -20.5035
-4.96715 -20.4751
-4.93826 -20.4466
-4.90936 -20.4181
-4.88046 -20.3896
-4.85155 -20.361
-4.82264 -20.3324
-4.79372 -20.3038
-4.7648 -20.2752
-4.73587 -20.2466
-4.70694 -20.2179
-4.678 -20.1893
-4.64906 -20.1606
-4.62011 -20.1318
-4.59116 -20.1031
-4.5622 -20.0743
-4.53324 -20.0455
-4.50427 -20.0167
-4.47529 -19.9879
-4.44632 -19.959
-4.41733 -19.9301
-4.38834 -19.9012
-4.35935 -19.8723
-4.33035 -19.8433
-4.30134 -19.8144
-4.27233 -19.7854
-4.24332 -19.7563
-4.2143 -19.7273
-4.18527 -19.6982
-4.15624 -19.6691
-4.12721 -19.64
-4.09817 -19.6109
-4.06912 -19.5817
-4.06912 -19.5817
-4.0541 -19.62
-4.03908 -19.6583
-4.02405 -19.6966
-4.00901 -19.7348
-3.99397 -19.7731
-3.97893 -19.8113
-3.96388 -19.8495
-3.94882 -19.8876
-3.93376 -19.9258
-3.9187 -19.9639
-3.90363 -20.0019
-3.88856 -20.04
-3.87348 -20.0781
-3.8584 -20.1161
-3.84331 -20.1541
-3.82822 -20.192
-3.81313 -20.23
-3.79803 -20.2679
-3.78293 -20.3058
-3.76782 -20.3437
-3.75271 -20.3815
-3.73759 -20.4194
-3.72247 -20.4572
-3.70734 -20.495
-3.69222 -20.5327
-3.67708 -20.5705
-3.66195 -20.6082
-3.64681 -20.6459
-3.63166 -20.6836
-3.61652 -20.7213
-3.60137 -20.7589
-3.58621 -20.7965
-3.57105 -20.8341
-3.55589 -20.8717
-3.54072 -20.9092
-3.52555 -20.9468
-3.51038 -20.9843
-3.49521 -21.0218
-3.48003 -21.0592
-3.46484 -21.0967
-3.44966 -21.1341
-3.43447 -21.1715
-3.41927 -21.2089
-3.40408 -21.2463
-3.38888 -21.2836
-3.37367 -21.3209
-3.35847 -21.3583
-3.34326 -21.3955
-3.32805 -21.4328
-3.31283 -21.4701
-3.29761 -21.5073
-3.28239 -21.5445
-3.26717 -21.5817
-3.25194 -21.6189
-3.23671 -21.656
-3.22148 -21.6931
-3.20624 -21.7303
-3.19851 -21.7662
-3.16439 -21.7712
-3.13026 -21.7762
-3.09613 -21.781
-3.06198 -21.7859
-3.02783 -21.7906
-2.99367 -21.7954
-2.95951 -21.8
-2.92534 -21.8046
-2.89116 -21.8092
-2.85697 -21.8137
-2.82277 -21.8182
-2.78857 -21.8226
-2.75437 -21.8269
-2.72015 -21.8312
-2.68593 -21.8354
-2.6517 -21.8396
-2.61747 -21.8437
-2.58323 -21.8478
-2.54898 -21.8518
-2.51472 -21.8558
-2.48046 -21.8597
-2.4462 -21.8636
-2.41193 -21.8674
-2.37765 -21.8711
-2.34337 -21.8748
-2.30908 -21.8785
-2.27478 -21.8821
-2.24048 -21.8856
-2.20617 -21.8891
-2.17186 -21.8925
-2.13755 -21.8959
-2.10322 -21.8992
-2.0689 -21.9025
-2.03456 -21.9057
-2.00023 -21.9089
-1.96588 -21.912
-1.93154 -21.915
-1.89718 -21.918
-1.86283 -21.921
-1.82847 -21.9239
-1.7941 -21.9267
-1.75973 -21.9295
-1.72536 -21.9322
-1.69098 -21.9349
-1.65659 -21.9375
-1.62221 -21.9401
-1.58782 -21.9426
-1.55342 -21.9451
-1.44924 -21.9522
-1.41483 -21.9545
-1.38041 -21.9566
-1.346 -21.9588
-1.31158 -21.9609
-1.27715 -21.9629
-1.24273 -21.9649
-1.2083 -21.9668
-1.17387 -21.9687
-1.13943 -21.9705
-1.10499 -21.9722
-1.07055 -21.9739
-1.03611 -21.9756
-1.00166 -21.9772
-0.967215 -21.9787
-0.932765 -21.9802
-0.898312 -21.9817
-0.863857 -21.983
-0.8294 -21.9844
-0.79494 -21.9856
-0.760479 -21.9869
-0.726016 -21.988
-0.691551 -21.9891
-0.657085 -21.9902
-0.622617 -21.9912
-0.588147 -21.9921
-0.553676 -21.993
-0.519203 -21.9939
-0.484729 -21.9947
-0.450254 -21.9954
-0.415778 -21.9961
-0.381301 -21.9967
-0.346823 -21.9973
-0.312344 -21.9978
-0.277865 -21.9982
-0.243384 -21.9987
-0.208903 -21.999
-0.174422 -21.9993
-0.13994 -21.9996
-0.105458 -21.9997
-0.0709755 -21.9999
-0.0364928 -22
-0.00201007 -22
0.0324727 -22
0.0669553 -21.9999
0.101438 -21.9998
0.13592 -21.9996
0.170402 -21.9993
0.204884 -21.999
0.217443 -21.9644
0.23759 -21.9297
0.257738 -21.895
0.277885 -21.8603
0.298031 -21.8256
0.318178 -21.7908
0.338324 -21.756
0.35847 -21.7212
0.378615 -21.6864
0.39876 -21.6515
0.418905 -21.6166
0.43905 -21.5817
0.459194 -21.5468
0.479337 -21.5119
0.49948 -21.477
0.519623 -21.442
0.539765 -21.407
0.559907 -21.372
0.580048 -21.3369
0.600188 -21.3019
0.620328 -21.2668
0.640468 -21.2317
0.660606 -21.1966
0.680744 -21.1615
0.700882 -21.1263
0.721018 -21.0911
0.741154 -21.0559
0.761289 -21.0207
0.781424 -20.9855
0.801557 -20.9502
0.82169 -20.9149
0.841822 -20.8796
0.861952 -20.8443
0.882082 -20.8089
0.902212 -20.7735
0.92234 -20.7381
0.942467 -20.7027
0.962593 -20.6673
0.982718 -20.6318
1.00284 -20.5963
1.02296 -20.5608
1.04309 -20.5252
1.06321 -20.4897
1.08333 -20.4541
1.10344 -20.4185
1.12356 -20.3828
1.14368 -20.3472
1.16379 -20.3115
1.1839 -20.2758
1.20401 -20.2401
1.22412 -20.2043
1.24423 -20.1686
1.26434 -20.1328
1.28444 -20.0969
1.30455 -20.0611
1.32465 -20.0252
1.34475 -19.9893
1.36485 -19.9534
1.36485 -19.9534
1.38965 -19.9862
1.41445 -20.0191
1.43925 -20.0519
1.46405 -20.0846
1.48885 -20.1174
1.51364 -20.1501
1.53843 -20.1828
1.56323 -20.2155
1.58801 -20.2482
1.6128 -20.2808
1.63759 -20.3134
1.66237 -20.346
1.68715 -20.3786
1.71193 -20.4111
1.73671 -20.4436
1.76148 -20.4761
1.78626 -20.5086
1.81103 -20.541
1.8358 -20.5734
1.86056 -20.6058
1.88533 -20.6382
1.91009 -20.6706
1.93485 -20.7029
1.95961 -20.7352
1.98437 -20.7675
2.00912 -20.7997
2.03388 -20.832
2.05863 -20.8642
2.08337 -20.8964
2.10812 -20.9286
2.13286 -20.9607
2.15761 -20.9929
2.18235 -21.025
2.20708 -21.0571
2.23182 -21.0891
2.25655 -21.1212
2.28128 -21.1532
2.30601 -21.1852
2.33074 -21.2172
2.35546 -21.2492
2.38018 -21.2811
2.4049 -21.313
2.42962 -21.3449
2.45433 -21.3768
2.47904 -21.4087
2.50375 -21.4405
2.52846 -21.4723
2.55317 -21.5041
2.57787 -21.5359
2.60257 -21.5677
2.62727 -21.5994
2.65196 -21.6311
2.67666 -21.6628
2.70135 -21.6945
2.72604 -21.7262
2.75072 -21.7578
2.77541 -21.7895
2.79256 -21.822
2.82676 -21.8176
2.86095 -21.8132
2.89514 -21.8087
2.92932 -21.8041
2.96349 -21.7995
2.99766 -21.7948
3.03182 -21.7901
3.06597 -21.7853
3.10011 -21.7805
3.13424 -21.7756
3.16837 -21.7707
3.20249 -21.7657
3.2366 -21.7606
3.2707 -21.7555
3.3048 -21.7504
3.33889 -21.7452
3.37297 -21.7399
3.40704 -21.7346
3.4411 -21.7292
3.47515 -21.7238
3.5092 -21.7183
3.54324 -21.7128
3.57726 -21.7072
3.61128 -21.7016
3.64529 -21.6959
3.6793 -21.6902
3.71329 -21.6844
3.74727 -21.6785
3.78125 -21.6726
3.81521 -21.6667
3.84917 -21.6607
3.88311 -21.6546
3.91705 -21.6485
3.95098 -21.6423
3.98489 -21.6361
4.0188 -21.6298
4.0527 -21.6235
4.08659 -21.6171
4.12046 -21.6107
4.15433 -21.6042
4.18819 -21.5977
4.22204 -21.5911
4.25587 -21.5844
4.2897 -21.5777
4.32351 -21.571
4.35732 -21.5642
4.39111 -21.5573
4.4249 -21.5504
4.52714 -21.5292
4.56088 -21.522
4.59461 -21.5149
4.62833 -21.5076
4.66203 -21.5004
4.69573 -21.493
4.72941 -21.4856
4.76308 -21.4782
4.79674 -21.4707
4.83038 -21.4632
4.86402 -21.4556
4.89764 -21.4479
4.93126 -21.4402
4.96485 -21.4325
4.99844 -21.4246
5.03202 -21.4168
5.06558 -21.4089
5.09913 -21.4009
5.13267 -21.3929
5.16619 -21.3848
5.1997 -21.3767
5.2332 -21.3685
5.26669 -21.3603
5.30016 -21.352
5.33362 -21.3437
5.36707 -21.3353
5.4005 -21.3269
5.43393 -21.3184
5.46733 -21.3098
5.50073 -21.3012
5.53411 -21.2926
5.56748 -21.2839
5.60083 -21.2751
5.63417 -21.2663
5.66749 -21.2575
5.70081 -21.2485
5.7341 -21.2396
5.76739 -21.2306
5.80066 -21.2215
5.83391 -21.2124
5.86715 -21.2032
5.90038 -21.194
5.93359 -21.1847
5.96679 -21.1754
5.99997 -21.166
6.03314 -21.1566
6.0663 -21.1471
6.09943 -21.1376
6.13256 -21.128
6.13531 -21.0913
6.14535 -21.0524
6.15539 -21.0136
6.16542 -20.9747
6.17544 -20.9358
6.18546 -20.8969
6.19547 -20.8579
6.20548 -20.819
6.21548 -20.78
6.22548 -20.741
6.23547 -20.702
6.24545 -20.663
6.25543 -20.6239
6.2654 -20.5849
6.27537 -20.5458
6.28533 -20.5067
6.29529 -20.4675
6.30523 -20.4284
6.31518 -20.3892
6.32511 -20.35
6.33504 -20.3108
6.34497 -20.2716
6.35488 -20.2323
6.3648 -20.1931
6.3747 -20.1538
6.3846 -20.1145
6.39449 -20.0752
6.40438 -20.0358
6.41425 -19.9964
6.42413 -19.957
6.43399 -19.9176
6.44385 -19.8782
6.4537 -19.8387
6.46355 -19.7993
6.47338 -19.7598
6.48321 -19.7203
6.49304 -19.6807
6.50285 -19.6411
6.51266 -19.6016
6.52247 -19.562
6.53226 -19.5223
6.54205 -19.4827
6.55183 -19.443
6.5616 -19.4033
6.57137 -19.3636
6.58112 -19.3239
6.59087 -19.2841
6.60061 -19.2443
6.61035 -19.2045
6.62007 -19.1647
6.62979 -19.1248
6.6395 -19.085
6.6492 -19.0451
6.6589 -19.0051
6.66858 -18.9652
6.67826 -18.9252
6.68793 -18.8852
6.69759 -18.8452
6.69759 -18.8452
6.73034 -18.8702
6.76308 -18.8951
6.79581 -18.92
6.82853 -18.9449
6.86125 -18.9697
6.89395 -18.9945
6.92665 -19.0193
6.95934 -19.0441
6.99202 -19.0689
7.02469 -19.0936
7.05735 -19.1183
7.09001 -19.143
7.12265 -19.1677
7.15529 -19.1923
7.18792 -19.2169
7.22055 -19.2415
7.25316 -19.2661
7.28577 -19.2907
7.31836 -19.3152
7.35095 -19.3397
7.38354 -19.3642
7.41611 -19.3887
7.44867 -19.4132
7.48123 -19.4376
7.51378 -19.462
7.54632 -19.4864
7.57886 -19.5107
7.61138 -19.5351
7.6439 -19.5594
7.67641 -19.5837
7.70891 -19.608
7.7414 -19.6323
7.77389 -19.6565
7.80637 -19.6807
7.83884 -19.705
7.8713 -19.7291
7.90375 -19.7533
7.9362 -19.7775
7.96864 -19.8016
8.00107 -19.8257
8.03349 -19.8498
8.0659 -19.8738
8.09831 -19.8979
8.13071 -19.9219
8.1631 -19.9459
8.19549 -19.9699
8.22786 -19.9939
8.26023 -20.0179
8.2926 -20.0418
8.32495 -20.0657
8.3573 -20.0896
8.38963 -20.1135
8.42197 -20.1374
8.45429 -20.1612
8.48661 -20.1851
8.51891 -20.2089
8.55122 -20.2327
8.57652 -20.2594
8.60827 -20.2459
8.63999 -20.2324
8.67169 -20.2188
8.70337 -20.2052
8.73503 -20.1916
8.76667 -20.1778
8.79828 -20.1641
8.82988 -20.1503
8.86145 -20.1364
8.893 -20.1225
8.92453 -20.1085
8.95604 -20.0945
8.98752 -20.0804
9.01899 -20.0663
9.05043 -20.0522
9.08185 -20.038
9.11324 -20.0237
9.14462 -20.0094
9.17597 -19.995
9.2073 -19.9806
9.2386 -19.9662
9.26989 -19.9517
9.30115 -19.9371
9.33238 -19.9225
9.3636 -19.9079
9.39479 -19.8932
9.42596 -19.8784
9.45711 -19.8636
9.48823 -19.8488
9.51933 -19.8339
9.5504 -19.8189
9.58146 -19.8039
9.61248 -19.7889
9.64349 -19.7738
9.67447 -19.7587
9.70543 -19.7435
9.73636 -19.7282
9.76727 -19.7129
9.79816 -19.6976
9.82902 -19.6822
9.85986 -19.6668
9.89067 -19.6513
9.92146 -19.6358
9.95223 -19.6202
9.98297 -19.6046
10.0137 -19.5889
10.0444 -19.5732
10.075 -19.5574
10.1678 -19.5094
10.1983 -19.4934
10.2289 -19.4774
10.2594 -19.4614
10.2899 -19.4453
10.3203 -19.4291
10.3508 -19.4129
10.3812 -19.3967
10.4116 -19.3804
10.442 -19.364
10.4723 -19.3476
10.5026 -19.3312
10.5329 -19.3147
10.5632 -19.2982
10.5934 -19.2816
10.6236 -19.265
10.6538 -19.2483
10.6839 -19.2316
10.7141 -19.2148
10.7442 -19.198
10.7742 -19.1811
10.8043 -19.1642
10.8343 -19.1473
10.8643 -19.1303
10.8943 -19.1132
10.9242 -19.0961
10.9542 -19.079
10.984 -19.0618
11.0139 -19.0445
11.0437 -19.0272
11.0736 -19.0099
11.1033 -18.9925
11.1331 -18.9751
11.1628 -18.9576
11.1925 -18.9401
11.2222 -18.9225
11.2518 -18.9049
11.2815 -18.8873
11.311 -18.8696
11.3406 -18.8518
11.3701 -18.834
11.3997 -18.8162
11.4291 -18.7983
11.4586 -18.7803
11.488 -18.7624
11.5174 -18.7443
11.5468 -18.7262
11.5761 -18.7081
11.6054 -18.69
11.5982 -18.6539
11.5973 -18.6138
11.5965 -18.5736
11.5957 -18.5335
11.5948 -18.4933
11.594 -18.4531
11.5931 -18.413
11.5923 -18.3727
11.5914 -18.3325
11.5905 -18.2923
11.5896 -18.252
11.5887 -18.2117
11.5877 -18.1714
11.5868 -18.1311
11.5858 -18.0908
11.5849 -18.0505
11.5839 -18.0101
11.5829 -17.9697
11.5819 -17.9293
11.5809 -17.8889
11.5799 -17.8485
11.5789 -17.808
11.5779 -17.7676
11.5768 -17.7271
11.5757 -17.6866
11.5747 -17.646
11.5736 -17.6055
11.5725 -17.5649
11.5714 -17.5244
11.5702 -17.4838
11.5691 -17.4432
11.568 -17.4025
11.5668 -17.3619
11.5656 -17.3212
11.5645 -17.2805
11.5633 -17.2398
11.5621 -17.1991
11.5608 -17.1584
11.5596 -17.1176
11.5583 -17.0768
11.5571 -17.036
11.5558 -16.9952
11.5545 -16.9544
11.5532 -16.9135
11.5519 -16.8726
11.5506 -16.8317
11.5493 -16.7908
11.5479 -16.7499
11.5465 -16.7089
11.5452 -16.6679
11.5438 -16.6269
11.5424 -16.5859
11.5409 -16.5449
11.5395 -16.5038
11.538 -16.4628
11.5366 -16.4217
11.5351 -16.3805
11.5336 -16.3394
11.5336 -16.3394
11.5719 -16.3546
11.6101 -16.3697
11.6484 -16.3849
11.6866 -16.4
11.7248 -16.4151
11.763 -16.4302
11.8011 -16.4453
11.8393 -16.4603
11.8775 -16.4753
11.9156 -16.4903
11.9537 -16.5053
11.9918 -16.5203
12.0299 -16.5352
12.068 -16.5501
12.106 -16.565
12.1441 -16.5799
12.1821 -16.5948
12.2202 -16.6097
12.2582 -16.6245
12.2962 -16.6393
12.3341 -16.6541
12.3721 -16.6689
12.4101 -16.6836
12.448 -16.6984
12.4859 -16.7131
12.5238 -16.7278
12.5617 -16.7425
12.5996 -16.7572
12.6375 -16.7718
12.6754 -16.7864
12.7132 -16.8011
12.7511 -16.8157
12.7889 -16.8302
12.8267 -16.8448
12.8645 -16.8593
12.9023 -16.8739
12.94 -16.8884
12.9778 -16.9029
13.0155 -16.9174
13.0533 -16.9318
13.091 -16.9463
13.1287 -16.9607
13.1664 -16.9751
13.2041 -16.9895
13.2417 -17.0039
13.2794 -17.0183
13.317 -17.0326
13.3547 -17.047
13.3923 -17.0613
13.4299 -17.0756
13.4675 -17.0899
13.5051 -17.1042
13.5427 -17.1184
13.5802 -17.1327
13.6178 -17.1469
13.6553 -17.1611
13.6928 -17.1753
13.7244 -17.1942
13.7513 -17.1727
13.7782 -17.1511
13.8051 -17.1295
13.8319 -17.1078
13.8587 -17.0861
13.8855 -17.0644
13.9122 -17.0426
13.9389 -17.0208
13.9656 -16.9989
13.9922 -16.977
14.0188 -16.955
14.0454 -16.933
14.0719 -16.911
14.0984 -16.8889
14.1248 -16.8668
14.1512 -16.8447
14.1776 -16.8225
14.204 -16.8002
14.2303 -16.7779
14.2566 -16.7556
14.2828 -16.7332
14.309 -16.7108
14.3352 -16.6884
14.3613 -16.6659
14.3874 -16.6434
14.4135 -16.6208
14.4396 -16.5982
14.4655 -16.5755
14.4915 -16.5528
14.5174 -16.5301
14.5433 -16.5073
14.5692 -16.4845
14.595 -16.4616
14.6208 -16.4387
14.6465 -16.4158
14.6723 -16.3928
14.6979 -16.3698
14.7236 -16.3468
14.7492 -16.3237
14.7747 -16.3005
14.8003 -16.2773
14.8258 -16.2541
14.8512 -16.2309
14.8766 -16.2076
14.902 -16.1842
14.9274 -16.1609
14.9527 -16.1374
14.978 -16.114
15.0543 -16.0427
15.0794 -16.0191
15.1045 -15.9954
15.1296 -15.9717
15.1546 -15.948
15.1796 -15.9242
15.2045 -15.9004
15.2294 -15.8766
15.2543 -15.8527
15.2791 -15.8288
15.3039 -15.8048
15.3286 -15.7808
15.3534 -15.7567
15.378 -15.7326
15.4027 -15.7085
15.4273 -15.6844
15.4518 -15.6602
15.4764 -15.6359
15.5009 -15.6116
15.5253 -15.5873
15.5497 -15.563
15.5741 -15.5386
15.5984 -15.5142
15.6227 -15.4897
15.647 -15.4652
15.6712 -15.4406
15.6954 -15.4161
15.7195 -15.3914
15.7436 -15.3668
15.7677 -15.3421
15.7917 -15.3174
15.8157 -15.2926
15.8397 -15.2678
15.8636 -15.2429
15.8875 -15.218
15.9113 -15.1931
15.9351 -15.1682
15.9588 -15.1432
15.9825 -15.1181
16.0062 -15.0931
16.0299 -15.068
16.0535 -15.0428
16.077 -15.0176
16.1005 -14.9924
16.124 -14.9672
16.1475 -14.9419
16.1709 -14.9165
16.1942 -14.8912
16.2175 -14.8658
16.2008 -14.833
16.1892 -14.7946
16.1776 -14.7562
16.166 -14.7177
16.1543 -14.6793
16.1427 -14.6408
16.131 -14.6024
16.1193 -14.5639
16.1076 -14.5254
16.0959 -14.4869
16.0841 -14.4483
16.0724 -14.4098
16.0606 -14.3713
16.0488 -14.3327
16.0371 -14.2941
16.0252 -14.2555
16.0134 -14.2169
16.0016 -14.1783
15.9897 -14.1397
15.9778 -14.101
15.966 -14.0624
15.9541 -14.0237
15.9421 -13.985
15.9302 -13.9463
15.9183 -13.9076
15.9063 -13.8689
15.8943 -13.8301
15.8823 -13.7914
15.8703 -13.7526
15.8583 -13.7138
15.8462 -13.675
15.8341 -13.6362
15.8221 -13.5974
15.81 -13.5585
15.7978 -13.5197
15.7857 -13.4808
15.7736 -13.4419
15.7614 -13.403
15.7492 -13.3641
15.737 -13.3251
15.7248 -13.2862
15.7125 -13.2472
15.7003 -13.2083
15.688 -13.1693
15.6757 -13.1303
15.6634 -13.0912
15.6511 -13.0522
15.6387 -13.0131
15.6264 -12.9741
15.614 -12.935
15.6016 -12.8959
15.5892 -12.8568
15.5767 -12.8176
15.5643 -12.7785
15.5518 -12.7393
15.5393 -12.7002
15.5268 -12.661
15.5142 -12.6218
15.5142 -12.6218
15.5552 -12.6261
15.5961 -12.6303
15.637 -12.6346
15.6779 -12.6389
15.7187 -12.6431
15.7596 -12.6473
15.8004 -12.6515
15.8412 -12.6557
15.882 -12.6599
15.9228 -12.664
15.9635 -12.6682
16.0042 -12.6723
16.045 -12.6764
16.0856 -12.6805
16.1263 -12.6846
16.167 -12.6887
16.2076 -12.6927
16.2482 -12.6968
16.2888 -12.7008
16.3294 -12.7048
16.37 -12.7088
16.4105 -12.7128
16.4511 -12.7168
16.4916 -12.7207
16.5321 -12.7247
16.5725 -12.7286
16.613 -12.7325
16.6534 -12.7364
16.6939 -12.7403
16.7343 -12.7442
16.7746 -12.748
16.815 -12.7519
16.8554 -12.7557
16.8957 -12.7595
16.936 -12.7634
16.9763 -12.7672
17.0166 -12.7709
17.0569 -12.7747
17.0971 -12.7785
17.1374 -12.7822
17.1776 -12.786
17.2178 -12.7897
17.258 -12.7934
17.2982 -12.7971
17.3383 -12.8008
17.3784 -12.8045
17.4186 -12.8081
17.4587 -12.8118
17.4988 -12.8154
17.5388 -12.819
17.5789 -12.8227
17.6189 -12.8263
17.6589 -12.8298
17.699 -12.8334
17.739 -12.837
17.7789 -12.8406
17.8189 -12.8441
17.8544 -12.8538
17.8745 -12.8258
17.8946 -12.7978
17.9146 -12.7697
17.9346 -12.7416
17.9546 -12.7135
17.9745 -12.6853
17.9944 -12.6571
18.0142 -12.6289
18.0339 -12.6007
18.0537 -12.5724
18.0734 -12.5441
18.093 -12.5157
18.1126 -12.4874
18.1321 -12.4589
18.1516 -12.4305
18.1711 -12.402
18.1905 -12.3735
18.2099 -12.345
18.2292 -12.3165
18.2485 -12.2879
18.2677 -12.2593
18.2869 -12.2306
18.3061 -12.2019
18.3252 -12.1732
18.3442 -12.1445
18.3633 -12.1157
18.3822 -12.0869
18.4011 -12.0581
18.42 -12.0292
18.4389 -12.0004
18.4576 -11.9714
18.4764 -11.9425
18.4951 -11.9135
18.5137 -11.8845
18.5323 -11.8555
18.5509 -11.8264
18.5694 -11.7973
18.5879 -11.7682
18.6063 -11.7391
18.6247 -11.7099
18.643 -11.6807
18.6613 -11.6514
18.6795 -11.6222
18.6977 -11.5929
18.7159 -11.5636
18.734 -11.5342
18.752 -11.5048
18.77 -11.4754
18.8243 -11.3862
18.8421 -11.3567
18.8599 -11.3271
18.8776 -11.2976
18.8953 -11.268
18.913 -11.2383
18.9306 -11.2087
18.9481 -11.179
18.9656 -11.1493
18.983 -11.1195
19.0005 -11.0898
19.0178 -11.06
19.0351 -11.0301
19.0524 -11.0003
19.0696 -10.9704
19.0868 -10.9405
19.1039 -10.9106
19.121 -10.8806
19.138 -10.8506
19.155 -10.8206
19.1719 -10.7906
19.1888 -10.7605
19.2057 -10.7304
19.2225 -10.7003
19.2392 -10.6702
19.2559 -10.64
19.2726 -10.6098
19.2892 -10.5796
19.3057 -10.5494
19.3222 -10.5191
19.3387 -10.4888
19.3551 -10.4585
19.3715 -10.4281
19.3878 -10.3977
19.4041 -10.3673
19.4203 -10.3369
19.4365 -10.3065
19.4526 -10.276
19.4687 -10.2455
19.4847 -10.2149
19.5007 -10.1844
19.5167 -10.1538
19.5325 -10.1232
19.5484 -10.0926
19.5642 -10.0619
19.5799 -10.0313
19.5956 -10.0006
19.6113 -9.96983
19.6269 -9.93908
19.6019 -9.91201
19.5804 -9.87816
19.5589 -9.8443
19.5373 -9.81043
19.5157 -9.77656
19.4941 -9.74267
19.4725 -9.70878
19.4508 -9.67488
19.4292 -9.64096
19.4075 -9.60705
19.3858 -9.57312
19.3641 -9.53918
19.3424 -9.50523
19.3206 -9.47128
19.2989 -9.43731
19.2771 -9.40334
19.2553 -9.36936
19.2335 -9.33537
19.2116 -9.30137
19.1898 -9.26736
19.1679 -9.23334
19.146 -9.19931
19.1241 -9.16527
19.1021 -9.13123
19.0802 -9.09717
19.0582 -9.06311
19.0362 -9.02904
19.0142 -8.99495
18.9922 -8.96086
18.9701 -8.92676
18.9481 -8.89265
18.926 -8.85853
18.9039 -8.8244
18.8817 -8.79026
18.8596 -8.75611
18.8374 -8.72195
18.8152 -8.68778
18.793 -8.65361
18.7708 -8.61942
18.7485 -8.58522
18.7262 -8.55102
18.7039 -8.5168
18.6816 -8.48258
18.6593 -8.44834
18.6369 -8.4141
18.6145 -8.37984
18.5921 -8.34558
18.5697 -8.31131
18.5473 -8.27702
18.5248 -8.24273
18.5023 -8.20843
18.4798 -8.17411
18.4573 -8.13979
18.4347 -8.10546
18.4121 -8.07111
18.3895 -8.03676
18.3669 -8.0024
18.3442 -7.96802
18.3442 -7.96802
18.3848 -7.96111
18.4254 -7.9542
18.4659 -7.94727
18.5064 -7.94033
18.5469 -7.93338
18.5874 -7.92643
18.6278 -7.91946
18.6682 -7.91249
18.7086 -7.9055
18.749 -7.89851
18.7894 -7.8915
18.8297 -7.88449
18.87 -7.87746
18.9103 -7.87043
18.9506 -7.86339
18.9908 -7.85634
19.031 -7.84928
19.0712 -7.84222
19.1114 -7.83514
19.1516 -7.82805
19.1917 -7.82096
19.2318 -7.81386
19.2719 -7.80675
19.312 -7.79963
19.3521 -7.7925
19.3921 -7.78536
19.4321 -7.77822
19.4721 -7.77107
19.5121 -7.76391
19.552 -7.75674
19.592 -7.74956
19.6319 -7.74238
19.6718 -7.73518
19.7117 -7.72798
19.7515 -7.72077
19.7913 -7.71356
19.8312 -7.70633
19.8709 -7.6991
19.9107 -7.69186
19.9505 -7.68462
19.9902 -7.67736
20.0299 -7.6701
20.0696 -7.66283
20.1093 -7.65556
20.149 -7.64827
20.1886 -7.64098
20.2282 -7.63369
20.2678 -7.62638
20.3074 -7.61907
20.347 -7.61175
20.3865 -7.60443
20.426 -7.59709
20.4656 -7.58976
20.5051 -7.58241
20.5445 -7.57506
20.584 -7.5677
20.6234 -7.56033
20.6602 -7.56009
20.6721 -7.52769
20.6838 -7.49528
20.6956 -7.46285
20.7072 -7.43041
20.7188 -7.39794
20.7304 -7.36546
20.7419 -7.33296
20.7534 -7.30044
20.7648 -7.2679
20.7762 -7.23534
20.7875 -7.20277
20.7988 -7.17018
20.81 -7.13757
20.8211 -7.10494
20.8322 -7.0723
20.8433 -7.03964
20.8543 -7.00696
20.8653 -6.97426
20.8762 -6.94155
20.887 -6.90882
20.8978 -6.87607
20.9086 -6.84331
20.9193 -6.81053
20.9299 -6.77773
20.9405 -6.74492
20.9511 -6.71209
20.9616 -6.67924
20.972 -6.64638
20.9824 -6.6135
20.9928 -6.5806
21.003 -6.54769
21.0133 -6.51476
21.0235 -6.48182
21.0336 -6.44886
21.0437 -6.41588
21.0537 -6.38289
21.0637 -6.34988
21.0736 -6.31686
21.0835 -6.28382
21.0933 -6.25077
21.1031 -6.2177
21.1128 -6.18461
21.1225 -6.15151
21.1321 -6.1184
21.1417 -6.08527
21.1512 -6.05213
21.1606 -6.01897
21.17 -5.98579
21.1982 -5.88523
21.2074 -5.852
21.2166 -5.81875
21.2256 -5.78549
21.2347 -5.75221
21.2437 -5.71892
21.2526 -5.68562
21.2615 -5.6523
21.2703 -5.61897
21.2791 -5.58562
21.2878 -5.55226
21.2965 -5.51889
21.3051 -5.4855
21.3137 -5.4521
21.3222 -5.41869
21.3307 -5.38526
21.3391 -5.35182
21.3475 -5.31837
21.3558 -5.2849
21.364 -5.25142
21.3723 -5.21793
21.3804 -5.18443
21.3885 -5.15091
21.3966 -5.11738
21.4045 -5.08383
21.4125 -5.05028
21.4204 -5.01671
21.4282 -4.98313
21.436 -4.94954
21.4437 -4.91593
21.4514 -4.88231
21.459 -4.84869
21.4666 -4.81505
21.4741 -4.78139
21.4816 -4.74773
21.489 -4.71405
21.4964 -4.68036
21.5037 -4.64667
21.5109 -4.61295
21.5181 -4.57923
21.5253 -4.5455
21.5324 -4.51176
21.5394 -4.478
21.5464 -4.44423
21.5534 -4.41046
21.5603 -4.37667
21.5671 -4.34287
21.5739 -4.30906
21.5806 -4.27524
21.5493 -4.2559
21.5194 -4.22912
21.4895 -4.20233
21.4596 -4.17554
21.4297 -4.14874
21.3997 -4.12194
21.3698 -4.09514
21.3398 -4.06833
21.3098 -4.04152
21.2798 -4.01471
21.2497 -3.98789
21.2197 -3.96107
21.1896 -3.93424
21.1595 -3.90741
21.1294 -3.88058
21.0992 -3.85375
21.0691 -3.82691
21.0389 -3.80006
21.0087 -3.77321
20.9785 -3.74636
20.9482 -3.71951
20.9179 -3.69265
20.8877 -3.66579
20.8574 -3.63892
20.827 -3.61205
20.7967 -3.58518
20.7663 -3.5583
20.7359 -3.53142
20.7055 -3.50454
20.6751 -3.47765
20.6446 -3.45076
20.6141 -3.42386
20.5836 -3.39697
20.5531 -3.37006
20.5226 -3.34316
20.492 -3.31625
20.4614 -3.28933
20.4308 -3.26242
20.4002 -3.2355
20.3695 -3.20857
20.3389 -3.18165
20.3082 -3.15471
20.2774 -3.12778
20.2467 -3.10084
20.2159 -3.0739
20.1851 -3.04695
20.1543 -3.02
20.1235 -2.99305
20.0926 -2.9661
20.0617 -2.93914
20.0308 -2.91217
19.9999 -2.88521
19.9689 -2.85824
19.9379 -2.83126
19.9069 -2.80429
19.8759 -2.7773
19.8448 -2.75032
19.8137 -2.72333
19.8137 -2.72333
19.8509 -2.70573
19.8881 -2.68813
19.9253 -2.67052
19.9624 -2.65291
19.9995 -2.6353
20.0366 -2.61768
20.0737 -2.60006
20.1107 -2.58244
20.1478 -2.56481
20.1847 -2.54718
20.2217 -2.52955
20.2587 -2.51192
20.2956 -2.49428
20.3325 -2.47664
20.3694 -2.45899
20.4062 -2.44135
20.443 -2.4237
20.4798 -2.40604
20.5166 -2.38839
20.5534 -2.37073
20.5901 -2.35307
20.6268 -2.33541
20.6635 -2.31774
20.7002 -2.30008
20.7368 -2.28241
20.7735 -2.26473
20.8101 -2.24706
20.8466 -2.22938
20.8832 -2.2117
20.9197 -2.19402
20.9563 -2.17633
20.9928 -2.15865
21.0292 -2.14096
21.0657 -2.12327
21.1021 -2.10557
21.1385 -2.08788
21.1749 -2.07018
21.2113 -2.05248
21.2476 -2.03478
21.2839 -2.01708
21.3202 -1.99937
21.3565 -1.98166
21.3928 -1.96395
21.429 -1.94624
21.4653 -1.92853
21.5015 -1.91082
21.5377 -1.8931
21.5738 -1.87538
21.61 -1.85766
21.6461 -1.83994
21.6822 -1.82222
21.7183 -1.80449
21.7543 -1.78676
21.7904 -1.76904
21.8264 -1.75131
21.8624 -1.73358
21.8984 -1.71584
21.9338 -1.70567
21.9364 -1.67129
21.939 -1.63691
21.9416 -1.60252
21.944 -1.56813
21.9465 -1.53373
21.9489 -1.49933
21.9512 -1.46492
21.9534 -1.43052
21.9557 -1.3961
21.9578 -1.36169
21.9599 -1.32727
21.962 -1.29285
21.964 -1.25842
21.9659 -1.224
21.9678 -1.18957
21.9697 -1.15513
21.9714 -1.1207
21.9732 -1.08626
21.9748 -1.05181
21.9765 -1.01737
21.978 -0.982922
21.9795 -0.948473
21.981 -0.914021
21.9824 -0.879567
21.9838 -0.84511
21.9851 -0.810652
21.9863 -0.776192
21.9875 -0.741729
21.9886 -0.707265
21.9897 -0.6728
21.9907 -0.638332
21.9917 -0.603863
21.9926 -0.569393
21.9935 -0.534921
21.9943 -0.500448
21.9951 -0.465973
21.9958 -0.431498
21.9964 -0.397021
21.997 -0.362543
21.9976 -0.328065
21.998 -0.293585
21.9985 -0.259105
21.9989 -0.224625
21.9992 -0.190144
21.9994 -0.155662
21.9997 -0.12118
21.9998 -0.0866974
21.9999 -0.0522148
