22.9999 0.0512987
22.9998 0.0835566
22.9997 0.115814
22.9995 0.148072
22.9993 0.180329
22.999 0.212586
22.9987 0.244843
22.9983 0.277098
22.9979 0.309354
22.9975 0.341609
22.997 0.373863
22.9964 0.406116
22.9958 0.438369
22.9952 0.470621
22.9945 0.502872
22.9938 0.535121
22.993 0.56737
22.9922 0.599618
22.9913 0.631864
22.9904 0.66411
22.9895 0.696354
22.9885 0.728596
22.9874 0.760837
22.9863 0.793077
22.9852 0.825315
22.984 0.857552
22.9828 0.889786
22.9815 0.922019
22.9802 0.954251
22.9788 0.98648
22.9774 1.01871
22.976 1.05093
22.9745 1.08316
22.9729 1.11538
22.9714 1.1476
22.9697 1.17981
22.968 1.21203
22.9663 1.24424
22.9646 1.27645
22.9627 1.30866
22.9609 1.34086
22.959 1.37306
22.957 1.40526
22.955 1.43746
22.953 1.46965
22.9509 1.50184
22.9488 1.53403
22.9466 1.56621
22.9444 1.5984
22.9421 1.63057
22.9398 1.66275
22.9375 1.69492
22.9045 1.70323
22.871 1.71849
22.8375 1.73376
22.804 1.74902
22.7705 1.76429
22.7369 1.77955
22.7034 1.79481
22.6698 1.81007
22.6362 1.82533
22.6026 1.84059
22.569 1.85585
22.5354 1.8711
22.5017 1.88636
22.4681 1.90161
22.4344 1.91686
22.4007 1.93211
22.367 1.94736
22.3333 1.96261
22.2996 1.97786
22.2658 1.99311
22.2321 2.00835
22.1983 2.02359
22.1645 2.03884
22.1307 2.05408
22.0969 2.06932
22.063 2.08455
22.0292 2.09979
21.9953 2.11502
21.9614 2.13026
21.9275 2.14549
21.8936 2.16072
21.8597 2.17595
21.8258 2.19118
21.7918 2.2064
21.7578 2.22163
21.7239 2.23685
21.6898 2.25207
21.6558 2.26729
21.6218 2.28251
21.5877 2.29772
21.5537 2.31294
21.5196 2.32815
21.4855 2.34336
21.4514 2.35857
21.4172 2.37377
21.3831 2.38898
21.3489 2.40418
21.3147 2.41939
21.2805 2.43458
21.2463 2.44978
21.2121 2.46498
21.1778 2.48017
21.1436 2.49536
21.1093 2.51055
21.075 2.52574
21.0407 2.54093
21.0063 2.55611
20.972 2.57129
20.9376 2.58647
20.9032 2.60165
20.8688 2.61682
20.8344 2.632
20.8344 2.632
20.864 2.65525
20.8935 2.67851
20.9231 2.70176
20.9526 2.72501
20.9821 2.74826
21.0116 2.7715
21.041 2.79475
21.0705 2.81799
21.0999 2.84123
21.1293 2.86446
21.1587 2.8877
21.1881 2.91093
21.2174 2.93416
21.2468 2.95739
21.2761 2.98061
21.3054 3.00383
21.3347 3.02705
21.364 3.05027
21.3933 3.07349
21.4225 3.0967
21.4517 3.11991
21.4809 3.14312
21.5101 3.16632
21.5393 3.18953
21.5685 3.21273
21.5976 3.23593
21.6268 3.25913
21.6559 3.28232
21.685 3.30551
21.7141 3.3287
21.7432 3.35189
21.7722 3.37507
21.8013 3.39826
21.8303 3.42144
21.8593 3.44462
21.8883 3.46779
21.9173 3.49096
21.9462 3.51413
21.9752 3.5373
22.0041 3.56047
22.033 3.58363
22.062 3.60679
22.0908 3.62995
22.1197 3.65311
22.1486 3.67626
22.1774 3.69941
22.2063 3.72256
22.2351 3.74571
22.2639 3.76885
22.2927 3.792
22.3215 3.81514
22.3502 3.83827
22.379 3.86141
22.4077 3.88454
22.4364 3.90767
22.4652 3.9308
22.4938 3.95392
22.5225 3.97705
22.5512 4.00017
22.5798 4.02328
22.6085 4.0464
22.6384 4.06264
22.6326 4.09439
22.6269 4.12613
22.6211 4.15786
22.6152 4.18958
22.6093 4.2213
22.6034 4.253
22.5974 4.2847
22.5913 4.31639
22.5853 4.34807
22.5791 4.37974
22.573 4.4114
22.5668 4.44306
22.5605 4.4747
22.5542 4.50634
22.5479 4.53797
22.5415 4.56959
22.5351 4.6012
22.5286 4.6328
22.5221 4.66439
22.5155 4.69598
22.5089 4.72755
22.5022 4.75912
22.4955 4.79067
22.4888 4.82222
22.482 4.85375
22.4752 4.88528
22.4683 4.9168
22.4614 4.9483
22.4544 4.9798
22.4474 5.01129
22.4404 5.04277
22.4333 5.07424
22.4261 5.1057
22.419 5.13714
22.4117 5.16858
22.4045 5.20001
22.3971 5.23143
22.3898 5.26283
22.3824 5.29423
22.3749 5.32562
22.3674 5.35699
22.3599 5.38836
22.3523 5.41971
22.3447 5.45106
22.337 5.48239
22.3293 5.51372
22.3216 5.54503
22.3138 5.57633
22.3059 5.60762
22.298 5.6389
22.2901 5.67017
22.2646 5.76954
22.2565 5.80076
22.2483 5.83197
22.2401 5.86317
22.2319 5.89436
22.2236 5.92553
22.2153 5.95669
22.2069 5.98785
22.1985 6.01899
22.19 6.05011
22.1815 6.08123
22.1729 6.11233
22.1643 6.14343
22.1557 6.17451
22.147 6.20557
22.1383 6.23663
22.1295 6.26767
22.1207 6.2987
22.1119 6.32972
22.103 6.36073
22.094 6.39172
22.085 6.4227
22.076 6.45367
22.0669 6.48463
22.0578 6.51557
22.0487 6.5465
22.0395 6.57742
22.0302 6.60832
22.0209 6.63921
22.0116 6.67009
22.0022 6.70096
21.9928 6.73181
21.9833 6.76265
21.9738 6.79347
21.9643 6.82429
21.9547 6.85508
21.945 6.88587
21.9354 6.91664
21.9256 6.9474
21.9159 6.97814
21.9061 7.00887
21.8962 7.03959
21.8863 7.07029
21.8764 7.10098
21.8664 7.13166
21.8564 7.16232
21.8463 7.19297
21.8362 7.2236
21.826 7.25422
21.8159 7.28482
21.8056 7.31541
21.7953 7.34599
21.7613 7.34584
21.7251 7.35229
21.6889 7.35875
21.6526 7.3652
21.6163 7.37164
21.58 7.37808
21.5437 7.38452
21.5074 7.39095
21.4711 7.39738
21.4348 7.4038
21.3984 7.41022
21.362 7.41663
21.3257 7.42304
21.2893 7.42945
21.2529 7.43585
21.2164 7.44224
21.18 7.44863
21.1436 7.45502
21.1071 7.4614
21.0706 7.46777
21.0341 7.47414
20.9976 7.48051
20.9611 7.48687
20.9246 7.49322
20.888 7.49957
20.8515 7.50592
20.8149 7.51226
20.7783 7.51859
20.7417 7.52492
20.7051 7.53124
20.6685 7.53756
20.6318 7.54388
20.5951 7.55018
20.5585 7.55649
20.5218 7.56278
20.4851 7.56908
20.4484 7.57536
20.4116 7.58164
20.3749 7.58792
20.3381 7.59419
20.3013 7.60045
20.2645 7.60671
20.2277 7.61296
20.1909 7.61921
20.154 7.62545
20.1172 7.63168
20.0803 7.63791
20.0434 7.64414
20.0065 7.65035
19.9696 7.65657
19.9327 7.66277
19.8957 7.66897
19.8587 7.67516
19.8218 7.68135
19.7848 7.68753
19.7477 7.6937
19.7107 7.69987
19.6737 7.70603
19.6366 7.71219
19.5995 7.71834
19.5624 7.72448
19.5253 7.73062
19.5253 7.73062
19.5482 7.76049
19.571 7.79037
19.5938 7.82023
19.6166 7.85009
19.6394 7.87995
19.6622 7.90979
19.6849 7.93963
19.7077 7.96947
19.7304 7.99929
19.7531 8.02911
19.7758 8.05893
19.7985 8.08874
19.8212 8.11854
19.8438 8.14833
19.8664 8.17812
19.889 8.2079
19.9116 8.23768
19.9342 8.26745
19.9568 8.29721
19.9794 8.32697
20.0019 8.35672
20.0244 8.38646
20.0469 8.4162
20.0694 8.44594
20.0919 8.47566
20.1144 8.50538
20.1368 8.53509
20.1593 8.5648
20.1817 8.5945
20.2041 8.6242
20.2265 8.65389
20.2489 8.68357
20.2712 8.71325
20.2936 8.74292
20.3159 8.77258
20.3382 8.80224
20.3605 8.83189
20.3828 8.86154
20.4051 8.89118
20.4274 8.92081
20.4496 8.95044
20.4719 8.98006
20.4941 9.00968
20.5163 9.03929
20.5385 9.0689
20.5607 9.09849
20.5829 9.12809
20.605 9.15767
20.6272 9.18726
20.6493 9.21683
20.6714 9.2464
20.6935 9.27596
20.7156 9.30552
20.7377 9.33507
20.7598 9.36462
20.7818 9.39416
20.8039 9.4237
20.8259 9.45323
20.8479 9.48275
20.8699 9.51227
20.8919 9.54178
20.9168 9.56494
20.9034 9.59426
20.8899 9.62357
20.8764 9.65286
20.8628 9.68213
20.8492 9.71138
20.8356 9.74061
20.8219 9.76983
20.8082 9.79902
20.7944 9.82819
20.7806 9.85735
20.7667 9.88648
20.7529 9.9156
20.7389 9.9447
20.725 9.97377
20.7109 10.0028
20.6969 10.0319
20.6828 10.0609
20.6687 10.0899
20.6545 10.1189
20.6403 10.1478
20.626 10.1768
20.6117 10.2057
20.5974 10.2346
20.583 10.2635
20.5686 10.2923
20.5542 10.3212
20.5397 10.35
20.5251 10.3788
20.5106 10.4075
20.4959 10.4363
20.4813 10.465
20.4666 10.4938
20.4518 10.5224
20.4371 10.5511
20.4223 10.5798
20.4074 10.6084
20.3925 10.637
20.3776 10.6656
20.3626 10.6942
20.3476 10.7227
20.3325 10.7513
20.3174 10.7798
20.3023 10.8082
20.2871 10.8367
20.2719 10.8651
20.2566 10.8936
20.2413 10.922
20.226 10.9503
20.2106 10.9787
20.1952 11.007
20.1797 11.0354
20.1303 11.1253
20.1147 11.1535
20.099 11.1817
20.0833 11.2099
20.0676 11.238
20.0518 11.2662
20.036 11.2943
20.0201 11.3224
20.0042 11.3504
19.9883 11.3785
19.9723 11.4065
19.9563 11.4345
19.9402 11.4625
19.9241 11.4904
19.908 11.5184
19.8918 11.5463
19.8756 11.5742
19.8593 11.602
19.843 11.6299
19.8267 11.6577
19.8103 11.6855
19.7939 11.7132
19.7775 11.741
19.761 11.7687
19.7445 11.7964
19.7279 11.8241
19.7113 11.8518
19.6947 11.8794
19.678 11.907
19.6613 11.9346
19.6445 11.9622
19.6277 11.9897
19.6109 12.0172
19.594 12.0447
19.5771 12.0722
19.5601 12.0996
19.5432 12.127
19.5261 12.1544
19.5091 12.1818
19.492 12.2092
19.4748 12.2365
19.4576 12.2638
19.4404 12.2911
19.4232 12.3183
19.4059 12.3456
19.3885 12.3728
19.3711 12.3999
19.3537 12.4271
19.3363 12.4542
19.3188 12.4813
19.3013 12.5084
19.2837 12.5355
19.2508 12.5269
19.2141 12.5241
19.1774 12.5214
19.1407 12.5186
19.104 12.5158
19.0672 12.513
19.0304 12.5102
18.9937 12.5074
18.9569 12.5046
18.9201 12.5018
18.8833 12.499
18.8465 12.4962
18.8096 12.4933
18.7728 12.4905
18.7359 12.4876
18.6991 12.4847
18.6622 12.4819
18.6253 12.479
18.5884 12.4761
18.5515 12.4732
18.5146 12.4703
18.4776 12.4674
18.4407 12.4645
18.4037 12.4615
18.3667 12.4586
18.3297 12.4557
18.2927 12.4527
18.2557 12.4497
18.2187 12.4468
18.1817 12.4438
18.1446 12.4408
18.1075 12.4378
18.0705 12.4348
18.0334 12.4318
17.9963 12.4287
17.9591 12.4257
17.922 12.4227
17.8849 12.4196
17.8477 12.4166
17.8105 12.4135
17.7734 12.4104
17.7362 12.4073
17.699 12.4042
17.6617 12.4011
17.6245 12.398
17.5872 12.3949
17.55 12.3917
17.5127 12.3886
17.4754 12.3854
17.4381 12.3823
17.4008 12.3791
17.3635 12.3759
17.3261 12.3727
17.2887 12.3695
17.2514 12.3663
17.214 12.3631
17.1766 12.3598
17.1392 12.3566
17.1017 12.3533
17.0643 12.3501
17.0268 12.3468
16.9894 12.3435
16.9894 12.3435
17.0041 12.3781
17.0188 12.4127
17.0334 12.4473
17.0481 12.4819
17.0627 12.5165
17.0774 12.5511
17.092 12.5856
17.1066 12.6202
17.1212 12.6547
17.1358 12.6893
17.1503 12.7238
17.1649 12.7583
17.1794 12.7928
17.194 12.8273
17.2085 12.8618
17.223 12.8962
17.2375 12.9307
17.2519 12.9652
17.2664 12.9996
17.2808 13.034
17.2953 13.0684
17.3097 13.1029
17.3241 13.1373
17.3385 13.1717
17.3529 13.206
17.3672 13.2404
17.3816 13.2748
17.3959 13.3091
17.4103 13.3435
17.4246 13.3778
17.4389 13.4121
17.4532 13.4464
17.4675 13.4808
17.4817 13.515
17.496 13.5493
17.5102 13.5836
17.5245 13.6179
17.5387 13.6521
17.5529 13.6864
17.5671 13.7206
17.5813 13.7549
17.5955 13.7891
17.6096 13.8233
17.6238 13.8575
17.6379 13.8917
17.652 13.9259
17.6661 13.9601
17.6803 13.9942
17.6943 14.0284
17.7084 14.0625
17.7225 14.0967
17.7366 14.1308
17.7506 14.1649
17.7646 14.1991
17.7787 14.2332
17.7927 14.2673
17.8067 14.3013
17.8207 14.3354
17.8347 14.3695
17.8486 14.4036
17.8626 14.4376
17.8809 14.4662
17.8606 14.4913
17.8403 14.5163
17.8199 14.5413
17.7995 14.5663
17.7791 14.5913
17.7586 14.6162
17.7381 14.6411
17.7175 14.6659
17.6969 14.6908
17.6763 14.7156
17.6556 14.7404
17.635 14.7651
17.6142 14.7898
17.5935 14.8145
17.5727 14.8392
17.5518 14.8638
17.531 14.8884
17.5101 14.913
17.4891 14.9375
17.4682 14.962
17.4472 14.9865
17.4261 15.011
17.4051 15.0354
17.384 15.0598
17.3628 15.0842
17.3417 15.1085
17.3204 15.1328
17.2992 15.1571
17.2779 15.1813
17.2566 15.2056
17.2353 15.2297
17.2139 15.2539
17.1925 15.278
17.171 15.3021
17.1496 15.3262
17.1281 15.3502
17.1065 15.3742
17.0849 15.3982
17.0633 15.4222
17.0417 15.4461
17.02 15.47
16.9983 15.4938
16.9765 15.5176
16.9547 15.5414
16.9329 15.5652
16.9111 15.5889
16.8892 15.6126
16.8673 15.6363
16.8453 15.66
16.8234 15.6836
16.8014 15.7071
16.7311 15.7819
16.709 15.8054
16.6868 15.8288
16.6646 15.8522
16.6423 15.8756
16.62 15.8989
16.5977 15.9222
16.5754 15.9454
16.553 15.9687
16.5306 15.9919
16.5081 16.015
16.4857 16.0382
16.4631 16.0613
16.4406 16.0844
16.418 16.1074
16.3954 16.1304
16.3728 16.1534
16.3501 16.1763
16.3274 16.1993
16.3047 16.2221
16.2819 16.245
16.2591 16.2678
16.2363 16.2906
16.2134 16.3133
16.1905 16.3361
16.1676 16.3588
16.1446 16.3814
16.1216 16.4041
16.0986 16.4266
16.0756 16.4492
16.0525 16.4717
16.0294 16.4942
16.0062 16.5167
15.983 16.5391
15.9598 16.5615
15.9366 16.5839
15.9133 16.6062
15.89 16.6285
15.8666 16.6508
15.8433 16.673
15.8199 16.6953
15.7964 16.7174
15.773 16.7396
15.7495 16.7617
15.726 16.7837
15.7024 16.8058
15.6788 16.8278
15.6552 16.8498
15.6316 16.8717
15.6079 16.8936
15.5842 16.9155
15.5604 16.9373
15.5307 16.9208
15.4959 16.909
15.461 16.8972
15.4261 16.8854
15.3912 16.8736
15.3563 16.8617
15.3214 16.8499
15.2865 16.838
15.2516 16.8262
15.2166 16.8143
15.1817 16.8024
15.1467 16.7905
15.1117 16.7786
15.0768 16.7667
15.0418 16.7547
15.0068 16.7428
14.9718 16.7308
14.9368 16.7189
14.9017 16.7069
14.8667 16.6949
14.8317 16.6829
14.7966 16.6709
14.7615 16.6589
14.7265 16.6469
14.6914 16.6348
14.6563 16.6228
14.6212 16.6107
14.5861 16.5986
14.5509 16.5865
14.5158 16.5744
14.4807 16.5623
14.4455 16.5502
14.4103 16.5381
14.3752 16.5259
14.34 16.5138
14.3048 16.5016
14.2696 16.4894
14.2344 16.4772
14.1991 16.465
14.1639 16.4528
14.1286 16.4406
14.0934 16.4283
14.0581 16.4161
14.0228 16.4038
13.9875 16.3915
13.9522 16.3792
13.9169 16.3669
13.8816 16.3546
13.8463 16.3423
13.8109 16.3299
13.7756 16.3176
13.7402 16.3052
13.7048 16.2928
13.6694 16.2804
13.634 16.268
13.5986 16.2556
13.5632 16.2432
13.5278 16.2307
13.4923 16.2182
13.4569 16.2058
13.4214 16.1933
13.3859 16.1808
13.3859 16.1808
13.3915 16.218
13.3972 16.2552
13.4028 16.2923
13.4084 16.3295
13.414 16.3666
13.4195 16.4037
13.4251 16.4408
13.4307 16.4779
13.4362 16.515
13.4417 16.5521
13.4473 16.5892
13.4528 16.6262
13.4583 16.6632
13.4638 16.7003
13.4692 16.7373
13.4747 16.7743
13.4802 16.8112
13.4856 16.8482
13.4911 16.8852
13.4965 16.9221
13.5019 16.959
13.5073 16.996
13.5127 17.0329
13.5181 17.0697
13.5235 17.1066
13.5289 17.1435
13.5342 17.1803
13.5396 17.2172
13.5449 17.254
13.5502 17.2908
13.5556 17.3276
13.5609 17.3644
13.5662 17.4012
13.5715 17.438
13.5767 17.4747
13.582 17.5115
13.5873 17.5482
13.5925 17.5849
13.5978 17.6216
13.603 17.6583
13.6082 17.695
13.6135 17.7317
13.6187 17.7683
13.6239 17.805
13.6291 17.8416
13.6342 17.8783
13.6394 17.9149
13.6446 17.9515
13.6497 17.9881
13.6549 18.0246
13.66 18.0612
13.6651 18.0978
13.6703 18.1343
13.6754 18.1708
13.6805 18.2074
13.6856 18.2439
13.6907 18.2804
13.6957 18.3169
13.7008 18.3534
13.7059 18.3898
13.7109 18.4263
13.7216 18.4586
13.6957 18.4778
13.6697 18.497
13.6438 18.5161
13.6178 18.5352
13.5918 18.5543
13.5658 18.5734
13.5397 18.5924
13.5136 18.6114
13.4875 18.6303
13.4614 18.6492
13.4352 18.668
13.409 18.6869
13.3828 18.7057
13.3565 18.7244
13.3302 18.7431
13.3039 18.7618
13.2776 18.7804
13.2513 18.799
13.2249 18.8176
13.1985 18.8361
13.172 18.8546
13.1456 18.8731
13.1191 18.8915
13.0926 18.9099
13.0661 18.9282
13.0395 18.9465
13.0129 18.9648
12.9863 18.983
12.9597 19.0012
12.933 19.0194
12.9063 19.0375
12.8796 19.0556
12.8529 19.0736
12.8261 19.0917
12.7993 19.1096
12.7725 19.1276
12.7457 19.1454
12.7188 19.1633
12.6919 19.1811
12.665 19.1989
12.6381 19.2167
12.6111 19.2344
12.5841 19.252
12.5571 19.2697
12.53 19.2872
12.503 19.3048
12.4759 19.3223
12.4488 19.3398
12.4216 19.3572
12.3945 19.3746
12.3673 19.392
12.2807 19.447
12.2534 19.4642
12.2261 19.4814
12.1987 19.4985
12.1714 19.5156
12.144 19.5326
12.1166 19.5496
12.0892 19.5666
12.0617 19.5835
12.0342 19.6004
12.0067 19.6173
11.9792 19.6341
11.9517 19.6509
11.9241 19.6676
11.8965 19.6844
11.8689 19.701
11.8412 19.7176
11.8136 19.7342
11.7859 19.7508
11.7582 19.7673
11.7304 19.7838
11.7027 19.8002
11.6749 19.8166
11.6471 19.8329
11.6192 19.8493
11.5914 19.8655
11.5635 19.8818
11.5356 19.898
11.5077 19.9141
11.4798 19.9303
11.4518 19.9463
11.4238 19.9624
11.3958 19.9784
11.3678 19.9943
11.3397 20.0103
11.3116 20.0262
11.2835 20.042
11.2554 20.0578
11.2273 20.0736
11.1991 20.0893
11.1709 20.105
11.1427 20.1206
11.1145 20.1362
11.0862 20.1518
11.058 20.1673
11.0297 20.1828
11.0013 20.1983
10.973 20.2137
10.9446 20.2291
10.9163 20.2444
10.8879 20.2597
10.8594 20.2749
10.8348 20.2515
10.8039 20.2314
10.7731 20.2113
10.7422 20.1912
10.7114 20.1711
10.6805 20.1509
10.6497 20.1308
10.6188 20.1106
10.5879 20.0904
10.557 20.0702
10.5261 20.05
10.4952 20.0298
10.4643 20.0096
10.4334 19.9893
10.4025 19.9691
10.3716 19.9488
10.3406 19.9285
10.3097 19.9082
10.2787 19.8879
10.2478 19.8676
10.2168 19.8473
10.1859 19.8269
10.1549 19.8066
10.1239 19.7862
10.0929 19.7658
10.0619 19.7454
10.0309 19.725
9.99991 19.7045
9.96889 19.6841
9.93787 19.6636
9.90684 19.6432
9.8758 19.6227
9.84476 19.6022
9.81371 19.5817
9.78265 19.5612
9.75159 19.5406
9.72052 19.5201
9.68944 19.4995
9.65835 19.4789
9.62726 19.4583
9.59616 19.4377
9.56505 19.4171
9.53394 19.3964
9.50282 19.3758
9.47169 19.3551
9.44055 19.3344
9.40941 19.3137
9.37826 19.293
9.3471 19.2723
9.31593 19.2515
9.28476 19.2308
9.25358 19.21
9.22239 19.1892
9.1912 19.1684
9.15999 19.1476
9.12878 19.1267
9.09757 19.1059
9.06634 19.085
9.03511 19.0641
9.00387 19.0432
8.97262 19.0223
8.94137 19.0014
8.94137 19.0014
8.93757 19.0388
8.93377 19.0762
8.92996 19.1136
8.92615 19.151
8.92232 19.1883
8.91849 19.2257
8.91466 19.263
8.91081 19.3003
8.90696 19.3376
8.9031 19.3749
8.89923 19.4122
8.89536 19.4494
8.89148 19.4867
8.88759 19.5239
8.8837 19.5611
8.87979 19.5983
8.87589 19.6355
8.87197 19.6726
8.86805 19.7098
8.86412 19.7469
8.86018 19.784
8.85624 19.8211
8.85229 19.8582
8.84834 19.8953
8.84438 19.9323
8.84041 19.9694
8.83643 20.0064
8.83245 20.0434
8.82847 20.0804
8.82447 20.1174
8.82047 20.1544
8.81647 20.1913
8.81245 20.2283
8.80843 20.2652
8.80441 20.3021
8.80038 20.339
8.79634 20.3759
8.7923 20.4128
8.78825 20.4496
8.7842 20.4865
8.78014 20.5233
8.77607 20.5601
8.772 20.5969
8.76792 20.6337
8.76384 20.6705
8.75975 20.7073
8.75565 20.744
8.75155 20.7808
8.74745 20.8175
8.74333 20.8542
8.73922 20.8909
8.73509 20.9276
8.73097 20.9642
8.72683 21.0009
8.72269 21.0376
8.71855 21.0742
8.7144 21.1108
8.71024 21.1474
8.70608 21.184
8.70192 21.2206
8.69775 21.2571
8.70003 21.2911
8.67016 21.3032
8.64028 21.3154
8.61037 21.3275
8.58045 21.3395
8.55051 21.3516
8.52056 21.3635
8.49059 21.3755
8.4606 21.3873
8.4306 21.3992
8.40057 21.411
8.37054 21.4227
8.34048 21.4345
8.31041 21.4461
8.28033 21.4578
8.25022 21.4694
8.2201 21.4809
8.18997 21.4924
8.15982 21.5039
8.12965 21.5153
8.09946 21.5267
8.06926 21.538
8.03905 21.5493
8.00882 21.5606
7.97857 21.5718
7.94831 21.583
7.91803 21.5941
7.88773 21.6052
7.85743 21.6162
7.8271 21.6272
7.79676 21.6382
7.7664 21.6491
7.73603 21.66
7.70565 21.6708
7.67525 21.6816
7.64483 21.6923
7.6144 21.703
7.58395 21.7137
7.55349 21.7243
7.52301 21.7349
7.49252 21.7454
7.46202 21.7559
7.4315 21.7663
7.40096 21.7767
7.37041 21.7871
7.33985 21.7974
7.30927 21.8077
7.27868 21.8179
7.24807 21.8281
7.21745 21.8382
7.18681 21.8483
7.15616 21.8584
7.05859 21.8901
7.02788 21.9
6.99715 21.9098
6.96642 21.9196
6.93567 21.9294
6.90491 21.9391
6.87413 21.9487
6.84334 21.9583
6.81253 21.9679
6.78172 21.9774
6.75089 21.9869
6.72004 21.9964
6.68919 22.0058
6.65832 22.0151
6.62743 22.0245
6.59654 22.0337
6.56563 22.043
6.5347 22.0522
6.50377 22.0613
6.47282 22.0704
6.44186 22.0795
6.41089 22.0885
6.3799 22.0974
6.3489 22.1064
6.31789 22.1152
6.28687 22.1241
6.25583 22.1329
6.22479 22.1416
6.19372 22.1503
6.16265 22.159
6.13157 22.1676
6.10047 22.1762
6.06936 22.1847
6.03824 22.1932
6.00711 22.2017
5.97597 22.2101
5.94481 22.2184
5.91364 22.2268
5.88246 22.235
5.85127 22.2433
5.82007 22.2514
5.78885 22.2596
5.75763 22.2677
5.72639 22.2757
5.69514 22.2837
5.66389 22.2917
5.63262 22.2996
5.60133 22.3075
5.57004 22.3153
5.53874 22.3231
5.50742 22.3309
5.4761 22.3386
5.45801 22.3098
5.43315 22.2827
5.40827 22.2555
5.3834 22.2284
5.35852 22.2012
5.33364 22.174
5.30876 22.1468
5.28387 22.1196
5.25898 22.0924
5.23408 22.0651
5.20918 22.0379
5.18428 22.0106
5.15938 21.9833
5.13447 21.956
5.10956 21.9287
5.08465 21.9014
5.05973 21.874
5.03481 21.8467
5.00989 21.8193
4.98496 21.7919
4.96003 21.7646
4.93509 21.7371
4.91016 21.7097
4.88522 21.6823
4.86027 21.6548
4.83532 21.6274
4.81037 21.5999
4.78542 21.5724
4.76046 21.5449
4.7355 21.5173
4.71054 21.4898
4.68557 21.4622
4.6606 21.4347
4.63563 21.4071
4.61065 21.3795
4.58567 21.3518
4.56069 21.3242
4.5357 21.2965
4.51071 21.2689
4.48572 21.2412
4.46072 21.2135
4.43572 21.1858
4.41071 21.1581
4.38571 21.1303
4.3607 21.1025
4.33568 21.0748
4.31067 21.047
4.28565 21.0192
4.26062 20.9913
4.23559 20.9635
4.21056 20.9356
4.18553 20.9077
4.16049 20.8798
4.13545 20.8519
4.11041 20.824
4.08536 20.7961
4.06031 20.7681
4.03526 20.7401
4.0102 20.7121
3.98514 20.6841
3.96007 20.6561
3.93501 20.628
3.93501 20.628
3.92203 20.6633
3.90904 20.6986
3.89605 20.7339
3.88306 20.7692
3.87007 20.8044
3.85707 20.8396
3.84407 20.8748
3.83106 20.91
3.81806 20.9452
3.80505 20.9803
3.79203 21.0155
3.77902 21.0506
3.766 21.0857
3.75297 21.1208
3.73995 21.1558
3.72692 21.1909
3.71389 21.2259
3.70086 21.2609
3.68782 21.296
3.67478 21.3309
3.66174 21.3659
3.64869 21.4009
3.63565 21.4358
3.62259 21.4707
3.60954 21.5056
3.59649 21.5405
3.58343 21.5754
3.57037 21.6103
3.5573 21.6451
3.54424 21.6799
3.53117 21.7148
3.5181 21.7496
3.50502 21.7843
3.49195 21.8191
3.47887 21.8539
3.46579 21.8886
3.45271 21.9233
3.43962 21.958
3.42653 21.9927
3.41344 22.0274
3.40035 22.0621
3.38725 22.0967
3.37416 22.1314
3.36106 22.166
3.34796 22.2006
3.33485 22.2352
3.32175 22.2698
3.30864 22.3043
3.29553 22.3389
3.28242 22.3734
3.2693 22.4079
3.25619 22.4424
3.24307 22.4769
3.22995 22.5114
3.21683 22.5459
3.2037 22.5803
3.19058 22.6147
3.17745 22.6492
3.16432 22.6836
3.15119 22.718
3.13805 22.7524
3.13183 22.7858
3.09987 22.7901
3.06791 22.7945
3.03593 22.7988
3.00395 22.803
2.97197 22.8072
2.93998 22.8113
2.90798 22.8154
2.87598 22.8195
2.84397 22.8235
2.81196 22.8275
2.77994 22.8314
2.74792 22.8353
2.71589 22.8391
2.68385 22.8429
2.65181 22.8466
2.61977 22.8503
2.58771 22.854
2.55566 22.8576
2.5236 22.8611
2.49153 22.8647
2.45946 22.8681
2.42739 22.8715
2.39531 22.8749
2.36322 22.8783
2.33113 22.8816
2.29904 22.8848
2.26694 22.888
2.23484 22.8912
2.20273 22.8943
2.17062 22.8973
2.1385 22.9004
2.10638 22.9033
2.07425 22.9063
2.04213 22.9092
2.00999 22.912
1.97786 22.9148
1.94572 22.9176
1.91357 22.9203
1.88142 22.9229
1.84927 22.9255
1.81712 22.9281
1.78496 22.9306
1.75279 22.9331
1.72063 22.9355
1.68846 22.9379
1.65629 22.9403
1.62411 22.9426
1.59193 22.9448
1.55975 22.9471
1.52756 22.9492
1.49538 22.9513
1.39298 22.9578
1.36078 22.9597
1.32858 22.9616
1.29637 22.9634
1.26416 22.9652
1.23195 22.967
1.19974 22.9687
1.16753 22.9703
1.13531 22.972
1.10309 22.9735
1.07087 22.9751
1.03864 22.9765
1.00642 22.978
0.974188 22.9794
0.941957 22.9807
0.909726 22.982
0.877492 22.9833
0.845256 22.9845
0.813019 22.9856
0.780781 22.9867
0.74854 22.9878
0.716299 22.9888
0.684056 22.9898
0.651811 22.9908
0.619565 22.9917
0.587318 22.9925
0.55507 22.9933
0.522821 22.9941
0.490571 22.9948
0.45832 22.9954
0.426068 22.9961
0.393815 22.9966
0.361561 22.9972
0.329306 22.9976
0.297051 22.9981
0.264796 22.9985
0.23254 22.9988
0.200283 22.9991
0.168026 22.9994
0.135769 22.9996
0.103511 22.9998
0.0712531 22.9999
0.0389951 23
0.0067371 23
-0.025521 23
-0.057779 22.9999
-0.0900369 22.9998
-0.122295 22.9997
-0.154552 22.9995
-0.186809 22.9992
-0.219066 22.999
-0.251322 22.9986
-0.261681 22.9663
-0.279021 22.9338
-0.29636 22.9013
-0.313699 22.8688
-0.331038 22.8363
-0.348377 22.8038
-0.365715 22.7713
-0.383054 22.7387
-0.400392 22.7061
-0.417729 22.6736
-0.435067 22.641
-0.452404 22.6084
-0.469741 22.5758
-0.487078 22.5431
-0.504414 22.5105
-0.52175 22.4778
-0.539086 22.4451
-0.556421 22.4124
-0.573756 22.3797
-0.591091 22.347
-0.608425 22.3143
-0.625759 22.2815
-0.643092 22.2488
-0.660425 22.216
-0.677758 22.1832
-0.69509 22.1504
-0.712422 22.1176
-0.729753 22.0847
-0.747083 22.0519
-0.764413 22.019
-0.781743 21.9861
-0.799072 21.9532
-0.8164 21.9203
-0.833728 21.8874
-0.851055 21.8544
-0.868382 21.8214
-0.885708 21.7885
-0.903033 21.7555
-0.920358 21.7224
-0.937682 21.6894
-0.955005 21.6564
-0.972328 21.6233
-0.98965 21.5902
-1.00697 21.5571
-1.02429 21.524
-1.04161 21.4909
-1.05893 21.4578
-1.07625 21.4246
-1.09356 21.3914
-1.11088 21.3582
-1.1282 21.325
-1.14551 21.2918
-1.16282 21.2585
-1.18014 21.2253
-1.19745 21.192
-1.21476 21.1587
-1.23207 21.1254
-1.24938 21.0921
-1.26668 21.0587
-1.28399 21.0253
-1.3013 20.992
-1.3186 20.9586
-1.3186 20.9586
-1.33996 20.9895
-1.36131 21.0205
-1.38266 21.0514
-1.40401 21.0823
-1.42536 21.1132
-1.44671 21.1441
-1.46806 21.175
-1.4894 21.2058
-1.51075 21.2367
-1.53209 21.2675
-1.55343 21.2983
-1.57477 21.329
-1.59611 21.3598
-1.61745 21.3905
-1.63879 21.4213
-1.66013 21.452
-1.68146 21.4827
-1.7028 21.5134
-1.72413 21.544
-1.74546 21.5747
-1.76679 21.6053
-1.78812 21.6359
-1.80944 21.6665
-1.83077 21.6971
-1.85209 21.7277
-1.87342 21.7582
-1.89474 21.7887
-1.91606 21.8193
-1.93738 21.8498
-1.9587 21.8802
-1.98001 21.9107
-2.00133 21.9412
-2.02264 21.9716
-2.04395 22.002
-2.06526 22.0324
-2.08657 22.0628
-2.10788 22.0932
-2.12918 22.1236
-2.15049 22.1539
-2.17179 22.1843
-2.19309 22.2146
-2.21439 22.2449
-2.23569 22.2752
-2.25699 22.3055
-2.27829 22.3357
-2.29958 22.366
-2.32087 22.3962
-2.34217 22.4264
-2.36346 22.4566
-2.38474 22.4868
-2.40603 22.517
-2.42732 22.5471
-2.4486 22.5773
-2.46988 22.6074
-2.49116 22.6375
-2.51244 22.6676
-2.53372 22.6977
-2.555 22.7278
-2.57627 22.7579
-2.59755 22.7879
-2.61882 22.818
-2.63315 22.8488
-2.66519 22.8451
-2.69723 22.8413
-2.72927 22.8375
-2.76129 22.8336
-2.79332 22.8297
-2.82533 22.8258
-2.85734 22.8218
-2.88935 22.8178
-2.92135 22.8137
-2.95334 22.8096
-2.98533 22.8054
-3.01731 22.8012
-3.04929 22.797
-3.08126 22.7927
-3.11322 22.7883
-3.14518 22.7839
-3.17713 22.7795
-3.20908 22.775
-3.24102 22.7705
-3.27295 22.7659
-3.30488 22.7613
-3.3368 22.7567
-3.36871 22.752
-3.40062 22.7472
-3.43252 22.7424
-3.46441 22.7376
-3.4963 22.7327
-3.52818 22.7278
-3.56005 22.7228
-3.59192 22.7178
-3.62378 22.7127
-3.65563 22.7076
-3.68747 22.7025
-3.71931 22.6973
-3.75114 22.692
-3.78296 22.6868
-3.81478 22.6814
-3.84658 22.6761
-3.87838 22.6706
-3.91018 22.6652
-3.94196 22.6597
-3.97374 22.6541
-4.00551 22.6485
-4.03727 22.6429
-4.06902 22.6372
-4.10077 22.6315
-4.1325 22.6257
-4.16423 22.6199
-4.19595 22.614
-4.22767 22.6081
-4.25937 22.6022
-4.36015 22.5829
-4.39182 22.5768
-4.42348 22.5706
-4.45513 22.5644
-4.48677 22.5581
-4.51841 22.5518
-4.55003 22.5454
-4.58165 22.539
-4.61325 22.5326
-4.64485 22.5261
-4.67644 22.5196
-4.70802 22.513
-4.73959 22.5064
-4.77115 22.4997
-4.8027 22.493
-4.83425 22.4862
-4.86578 22.4794
-4.8973 22.4726
-4.92882 22.4657
-4.96032 22.4587
-4.99181 22.4518
-5.0233 22.4447
-5.05477 22.4377
-5.08624 22.4306
-5.11769 22.4234
-5.14914 22.4162
-5.18057 22.409
-5.21199 22.4017
-5.24341 22.3943
-5.27481 22.387
-5.3062 22.3795
-5.33759 22.3721
-5.36896 22.3646
-5.40032 22.357
-5.43167 22.3494
-5.46301 22.3418
-5.49434 22.3341
-5.52566 22.3264
-5.55697 22.3186
-5.58826 22.3108
-5.61955 22.3029
-5.65083 22.295
-5.68209 22.2871
-5.71334 22.2791
-5.74458 22.2711
-5.77581 22.263
-5.80703 22.2549
-5.83824 22.2467
-5.86943 22.2385
-5.90062 22.2302
-5.93179 22.2219
-5.96295 22.2136
-5.96493 22.1796
-5.97366 22.1439
-5.98237 22.1081
-5.99109 22.0723
-5.9998 22.0365
-6.0085 22.0007
-6.01721 21.9649
-6.02591 21.9291
-6.0346 21.8932
-6.04329 21.8574
-6.05198 21.8215
-6.06067 21.7856
-6.06935 21.7497
-6.07802 21.7138
-6.0867 21.6778
-6.09536 21.6419
-6.10403 21.6059
-6.11269 21.5699
-6.12135 21.534
-6.13 21.498
-6.13865 21.4619
-6.14729 21.4259
-6.15593 21.3899
-6.16457 21.3538
-6.1732 21.3177
-6.18183 21.2816
-6.19045 21.2455
-6.19907 21.2094
-6.20769 21.1733
-6.2163 21.1371
-6.22491 21.101
-6.23351 21.0648
-6.24211 21.0286
-6.2507 20.9924
-6.25929 20.9562
-6.26787 20.9199
-6.27645 20.8837
-6.28503 20.8474
-6.2936 20.8111
-6.30216 20.7748
-6.31072 20.7385
-6.31928 20.7022
-6.32783 20.6658
-6.33638 20.6295
-6.34492 20.5931
-6.35346 20.5567
-6.36199 20.5203
-6.37052 20.4839
-6.37904 20.4474
-6.38756 20.411
-6.39607 20.3745
-6.40457 20.338
-6.41308 20.3015
-6.42157 20.265
-6.43006 20.2284
-6.43855 20.1919
-6.44703 20.1553
-6.45551 20.1187
-6.46398 20.0821
-6.47244 20.0455
-6.4809 20.0088
-6.48936 19.9722
-6.48936 19.9722
-6.51774 19.9969
-6.54612 20.0215
-6.5745 20.0462
-6.60286 20.0708
-6.63123 20.0954
-6.65959 20.1201
-6.68794 20.1446
-6.71628 20.1692
-6.74463 20.1938
-6.77296 20.2183
-6.80129 20.2428
-6.82962 20.2673
-6.85794 20.2918
-6.88625 20.3163
-6.91456 20.3407
-6.94286 20.3652
-6.97116 20.3896
-6.99945 20.414
-7.02774 20.4384
-7.05602 20.4628
-7.0843 20.4871
-7.11257 20.5115
-7.14084 20.5358
-7.1691 20.5601
-7.19736 20.5844
-7.22561 20.6087
-7.25385 20.633
-7.28209 20.6573
-7.31033 20.6815
-7.33856 20.7057
-7.36678 20.7299
-7.395 20.7541
-7.42321 20.7783
-7.45142 20.8025
-7.47962 20.8266
-7.50782 20.8508
-7.53602 20.8749
-7.5642 20.899
-7.59239 20.9231
-7.62056 20.9472
-7.64874 20.9713
-7.67691 20.9953
-7.70507 21.0194
-7.73323 21.0434
-7.76138 21.0674
-7.78952 21.0914
-7.81767 21.1154
-7.8458 21.1394
-7.87394 21.1633
-7.90206 21.1873
-7.93019 21.2112
-7.9583 21.2351
-7.98642 21.259
-8.01452 21.2829
-8.04263 21.3068
-8.07072 21.3307
-8.09882 21.3545
-8.1269 21.3784
-8.15499 21.4022
-8.18306 21.426
-8.21114 21.4498
-8.23269 21.4761
-8.2628 21.4645
-8.29289 21.4529
-8.32297 21.4413
-8.35304 21.4296
-8.38309 21.4178
-8.41312 21.4061
-8.44313 21.3942
-8.47313 21.3824
-8.50311 21.3705
-8.53307 21.3585
-8.56302 21.3465
-8.59295 21.3345
-8.62287 21.3224
-8.65276 21.3103
-8.68264 21.2982
-8.7125 21.286
-8.74235 21.2737
-8.77218 21.2614
-8.80199 21.2491
-8.83178 21.2368
-8.86156 21.2243
-8.89132 21.2119
-8.92106 21.1994
-8.95078 21.1869
-8.98049 21.1743
-9.01018 21.1617
-9.03985 21.149
-9.0695 21.1363
-9.09914 21.1236
-9.12876 21.1108
-9.15835 21.098
-9.18794 21.0851
-9.2175 21.0722
-9.24704 21.0593
-9.27657 21.0463
-9.30608 21.0332
-9.33557 21.0202
-9.36504 21.007
-9.3945 20.9939
-9.42393 20.9807
-9.45335 20.9675
-9.48275 20.9542
-9.51213 20.9409
-9.54149 20.9275
-9.57083 20.9141
-9.60015 20.9006
-9.62946 20.8872
-9.65874 20.8736
-9.68801 20.8601
-9.71725 20.8465
-9.74648 20.8328
-9.83932 20.7891
-9.86846 20.7753
-9.89759 20.7614
-9.9267 20.7475
-9.95579 20.7336
-9.98486 20.7196
-10.0139 20.7056
-10.0429 20.6915
-10.0719 20.6774
-10.1009 20.6633
-10.1299 20.6491
-10.1589 20.6349
-10.1878 20.6206
-10.2167 20.6063
-10.2456 20.5919
-10.2745 20.5775
-10.3033 20.5631
-10.3321 20.5486
-10.361 20.5341
-10.3897 20.5196
-10.4185 20.505
-10.4473 20.4904
-10.476 20.4757
-10.5047 20.461
-10.5334 20.4462
-10.5621 20.4314
-10.5907 20.4166
-10.6193 20.4017
-10.6479 20.3868
-10.6765 20.3718
-10.7051 20.3569
-10.7336 20.3418
-10.7621 20.3267
-10.7906 20.3116
-10.8191 20.2965
-10.8476 20.2813
-10.876 20.2661
-10.9044 20.2508
-10.9328 20.2355
-10.9612 20.2201
-10.9895 20.2047
-11.0178 20.1893
-11.0461 20.1738
-11.0744 20.1583
-11.1027 20.1427
-11.1309 20.1272
-11.1591 20.1115
-11.1873 20.0959
-11.2155 20.0801
-11.2437 20.0644
-11.2718 20.0486
-11.2999 20.0328
-11.2934 19.9994
-11.2929 19.9626
-11.2925 19.9258
-11.292 19.889
-11.2916 19.8521
-11.2911 19.8153
-11.2906 19.7784
-11.2901 19.7415
-11.2896 19.7047
-11.2891 19.6678
-11.2886 19.6308
-11.2881 19.5939
-11.2876 19.557
-11.2871 19.52
-11.2865 19.4831
-11.286 19.4461
-11.2854 19.4091
-11.2849 19.3721
-11.2843 19.3351
-11.2837 19.2981
-11.2832 19.261
-11.2826 19.224
-11.282 19.1869
-11.2814 19.1499
-11.2808 19.1128
-11.2801 19.0757
-11.2795 19.0386
-11.2789 19.0014
-11.2782 18.9643
-11.2776 18.9271
-11.2769 18.89
-11.2763 18.8528
-11.2756 18.8156
-11.2749 18.7784
-11.2742 18.7412
-11.2735 18.7039
-11.2728 18.6667
-11.2721 18.6294
-11.2714 18.5921
-11.2707 18.5549
-11.2699 18.5175
-11.2692 18.4802
-11.2684 18.4429
-11.2676 18.4056
-11.2669 18.3682
-11.2661 18.3308
-11.2653 18.2934
-11.2645 18.256
-11.2637 18.2186
-11.2629 18.1812
-11.2621 18.1437
-11.2612 18.1063
-11.2604 18.0688
-11.2595 18.0313
-11.2587 17.9938
-11.2578 17.9563
-11.2569 17.9188
-11.256 17.8812
-11.2551 17.8437
-11.2542 17.8061
-11.2533 17.7685
-11.2524 17.7309
-11.2524 17.7309
-11.286 17.7477
-11.3196 17.7646
-11.3532 17.7814
-11.3868 17.7982
-11.4204 17.815
-11.454 17.8318
-11.4876 17.8485
-11.5212 17.8653
-11.5547 17.882
-11.5883 17.8987
-11.6218 17.9154
-11.6553 17.9321
-11.6888 17.9488
-11.7224 17.9655
-11.7559 17.9821
-11.7894 17.9987
-11.8228 18.0154
-11.8563 18.032
-11.8898 18.0486
-11.9232 18.0651
-11.9567 18.0817
-11.9901 18.0983
-12.0235 18.1148
-12.057 18.1313
-12.0904 18.1478
-12.1238 18.1643
-12.1572 18.1808
-12.1906 18.1973
-12.2239 18.2138
-12.2573 18.2302
-12.2907 18.2466
-12.324 18.2631
-12.3574 18.2795
-12.3907 18.2959
-12.424 18.3122
-12.4573 18.3286
-12.4906 18.345
-12.5239 18.3613
-12.5572 18.3776
-12.5905 18.394
-12.6238 18.4103
-12.657 18.4266
-12.6903 18.4428
-12.7236 18.4591
-12.7568 18.4754
-12.79 18.4916
-12.8232 18.5078
-12.8565 18.5241
-12.8897 18.5403
-12.9229 18.5565
-12.9561 18.5727
-12.9892 18.5888
-13.0224 18.605
-13.0556 18.6212
-13.0887 18.6373
-13.1219 18.6534
-13.155 18.6695
-13.1882 18.6856
-13.2213 18.7017
-13.2544 18.7178
-13.2875 18.7339
-13.3149 18.754
-13.3412 18.7353
-13.3675 18.7166
-13.3937 18.6978
-13.4199 18.679
-13.4461 18.6602
-13.4723 18.6413
-13.4984 18.6224
-13.5245 18.6034
-13.5506 18.5844
-13.5766 18.5654
-13.6027 18.5464
-13.6287 18.5273
-13.6546 18.5081
-13.6806 18.489
-13.7065 18.4698
-13.7324 18.4505
-13.7583 18.4312
-13.7841 18.4119
-13.8099 18.3926
-13.8357 18.3732
-13.8614 18.3538
-13.8872 18.3343
-13.9129 18.3148
-13.9385 18.2953
-13.9642 18.2757
-13.9898 18.2561
-14.0154 18.2365
-14.041 18.2168
-14.0665 18.1971
-14.092 18.1773
-14.1175 18.1576
-14.1429 18.1377
-14.1684 18.1179
-14.1938 18.098
-14.2191 18.0781
-14.2445 18.0581
-14.2698 18.0381
-14.2951 18.0181
-14.3203 17.998
-14.3455 17.9779
-14.3707 17.9578
-14.3959 17.9376
-14.4211 17.9174
-14.4462 17.8971
-14.4713 17.8769
-14.4963 17.8566
-14.5214 17.8362
-14.5464 17.8158
-14.5713 17.7954
-14.5963 17.7749
-14.6212 17.7545
-14.7002 17.6891
-14.725 17.6684
-14.7498 17.6478
-14.7745 17.6271
-14.7992 17.6063
-14.8239 17.5855
-14.8486 17.5647
-14.8732 17.5439
-14.8978 17.523
-14.9223 17.5021
-14.9469 17.4812
-14.9714 17.4602
-14.9959 17.4392
-15.0203 17.4181
-15.0447 17.397
-15.0691 17.3759
-15.0935 17.3548
-15.1178 17.3336
-15.1421 17.3124
-15.1663 17.2911
-15.1906 17.2698
-15.2148 17.2485
-15.239 17.2271
-15.2631 17.2057
-15.2872 17.1843
-15.3113 17.1629
-15.3354 17.1414
-15.3594 17.1198
-15.3834 17.0983
-15.4074 17.0767
-15.4313 17.0551
-15.4552 17.0334
-15.4791 17.0117
-15.5029 16.99
-15.5267 16.9682
-15.5505 16.9464
-15.5743 16.9246
-15.598 16.9027
-15.6217 16.8809
-15.6453 16.8589
-15.669 16.837
-15.6926 16.815
-15.7161 16.7929
-15.7397 16.7709
-15.7632 16.7488
-15.7867 16.7267
-15.8101 16.7045
-15.8335 16.6823
-15.8569 16.6601
-15.8802 16.6378
-15.9036 16.6156
-15.9268 16.5932
-15.9122 16.5625
-15.9027 16.527
-15.8931 16.4915
-15.8835 16.4559
-15.8738 16.4203
-15.8642 16.3848
-15.8546 16.3492
-15.845 16.3136
-15.8353 16.278
-15.8256 16.2424
-15.816 16.2067
-15.8063 16.1711
-15.7966 16.1355
-15.7869 16.0998
-15.7772 16.0641
-15.7675 16.0285
-15.7577 15.9928
-15.748 15.9571
-15.7382 15.9214
-15.7285 15.8856
-15.7187 15.8499
-15.7089 15.8142
-15.6991 15.7784
-15.6893 15.7427
-15.6795 15.7069
-15.6697 15.6711
-15.6598 15.6353
-15.65 15.5995
-15.6401 15.5637
-15.6303 15.5279
-15.6204 15.492
-15.6105 15.4562
-15.6006 15.4203
-15.5907 15.3845
-15.5808 15.3486
-15.5708 15.3127
-15.5609 15.2768
-15.5509 15.2409
-15.541 15.205
-15.531 15.169
-15.521 15.1331
-15.511 15.0971
-15.501 15.0611
-15.4909 15.0252
-15.4809 14.9892
-15.4708 14.9532
-15.4608 14.9171
-15.4507 14.8811
-15.4406 14.8451
-15.4305 14.809
-15.4204 14.773
-15.4103 14.7369
-15.4001 14.7008
-15.39 14.6647
-15.3798 14.6286
-15.3697 14.5925
-15.3595 14.5563
-15.3493 14.5202
-15.3391 14.484
-15.3288 14.4479
-15.3186 14.4117
-15.3083 14.3755
-15.3083 14.3755
-15.3451 14.3834
-15.3819 14.3914
-15.4186 14.3993
-15.4553 14.4072
-15.492 14.4152
-15.5287 14.4231
-15.5654 14.4309
-15.6021 14.4388
-15.6388 14.4467
-15.6754 14.4545
-15.7121 14.4624
-15.7487 14.4702
-15.7853 14.478
-15.8219 14.4858
-15.8585 14.4936
-15.8951 14.5014
-15.9316 14.5092
-15.9682 14.5169
-16.0047 14.5247
-16.0413 14.5324
-16.0778 14.5401
-16.1143 14.5479
-16.1508 14.5556
-16.1873 14.5633
-16.2237 14.5709
-16.2602 14.5786
-16.2966 14.5863
-16.3331 14.5939
-16.3695 14.6016
-16.4059 14.6092
-16.4423 14.6168
-16.4787 14.6244
-16.515 14.632
-16.5514 14.6396
-16.5878 14.6472
-16.6241 14.6548
-16.6604 14.6623
-16.6967 14.6699
-16.7331 14.6774
-16.7693 14.6849
-16.8056 14.6925
-16.8419 14.7
-16.8782 14.7075
-16.9144 14.715
-16.9507 14.7224
-16.9869 14.7299
-17.0231 14.7374
-17.0593 14.7448
-17.0955 14.7523
-17.1317 14.7597
-17.1679 14.7671
-17.204 14.7745
-17.2402 14.782
-17.2763 14.7893
-17.3124 14.7967
-17.3486 14.8041
-17.3847 14.8115
-17.4208 14.8188
-17.4569 14.8262
-17.4929 14.8335
-17.529 14.8409
-17.5605 14.8535
-17.5814 14.8289
-17.6021 14.8042
-17.6229 14.7795
-17.6436 14.7548
-17.6643 14.73
-17.6849 14.7052
-17.7055 14.6804
-17.7261 14.6556
-17.7466 14.6307
-17.7671 14.6058
-17.7876 14.5808
-17.808 14.5559
-17.8284 14.5309
-17.8488 14.5059
-17.8691 14.4808
-17.8894 14.4558
-17.9097 14.4306
-17.9299 14.4055
-17.9501 14.3804
-17.9702 14.3552
-17.9903 14.3299
-18.0104 14.3047
-18.0305 14.2794
-18.0505 14.2541
-18.0705 14.2288
-18.0904 14.2034
-18.1103 14.178
-18.1302 14.1526
-18.15 14.1272
-18.1698 14.1017
-18.1896 14.0762
-18.2093 14.0507
-18.229 14.0251
-18.2486 13.9996
-18.2682 13.974
-18.2878 13.9483
-18.3074 13.9227
-18.3269 13.897
-18.3463 13.8713
-18.3658 13.8455
-18.3852 13.8197
-18.4045 13.7939
-18.4239 13.7681
-18.4432 13.7423
-18.4624 13.7164
-18.4816 13.6905
-18.5008 13.6645
-18.52 13.6386
-18.5391 13.6126
-18.5582 13.5866
-18.5772 13.5605
-18.6375 13.4775
-18.6564 13.4514
-18.6752 13.4252
-18.694 13.399
-18.7128 13.3728
-18.7316 13.3465
-18.7503 13.3202
-18.7689 13.2939
-18.7875 13.2676
-18.8061 13.2412
-18.8247 13.2148
-18.8432 13.1884
-18.8617 13.162
-18.8801 13.1355
-18.8985 13.109
-18.9169 13.0825
-18.9352 13.0559
-18.9535 13.0294
-18.9718 13.0028
-18.99 12.9761
-19.0082 12.9495
-19.0263 12.9228
-19.0444 12.8961
-19.0625 12.8694
-19.0805 12.8427
-19.0985 12.8159
-19.1165 12.7891
-19.1344 12.7623
-19.1523 12.7354
-19.1701 12.7085
-19.1879 12.6816
-19.2057 12.6547
-19.2234 12.6278
-19.2411 12.6008
-19.2588 12.5738
-19.2764 12.5468
-19.2939 12.5197
-19.3115 12.4927
-19.329 12.4656
-19.3465 12.4384
-19.3639 12.4113
-19.3813 12.3841
-19.3986 12.3569
-19.4159 12.3297
-19.4332 12.3025
-19.4504 12.2752
-19.4676 12.2479
-19.4848 12.2206
-19.5019 12.1932
-19.519 12.1659
-19.536 12.1385
-19.553 12.1111
-19.5313 12.085
-19.5131 12.053
-19.495 12.0209
-19.4769 11.9889
-19.4587 11.9568
-19.4405 11.9247
-19.4224 11.8927
-19.4042 11.8606
-19.386 11.8285
-19.3678 11.7964
-19.3495 11.7643
-19.3313 11.7322
-19.313 11.7001
-19.2948 11.668
-19.2765 11.6358
-19.2582 11.6037
-19.2399 11.5715
-19.2216 11.5394
-19.2033 11.5072
-19.1849 11.4751
-19.1666 11.4429
-19.1482 11.4107
-19.1298 11.3785
-19.1115 11.3463
-19.0931 11.3141
-19.0746 11.2819
-19.0562 11.2497
-19.0378 11.2174
-19.0193 11.1852
-19.0008 11.153
-18.9824 11.1207
-18.9639 11.0884
-18.9454 11.0562
-18.9268 11.0239
-18.9083 10.9916
-18.8898 10.9593
-18.8712 10.927
-18.8526 10.8947
-18.834 10.8624
-18.8154 10.8301
-18.7968 10.7977
-18.7782 10.7654
-18.7595 10.733
-18.7409 10.7007
-18.7222 10.6683
-18.7035 10.6359
-18.6848 10.6036
-18.6661 10.5712
-18.6473 10.5388
-18.6286 10.5064
-18.6098 10.4739
-18.591 10.4415
-18.5723 10.4091
-18.5534 10.3767
-18.5346 10.3442
-18.5158 10.3117
-18.4969 10.2793
-18.4781 10.2468
-18.4592 10.2143
-18.4403 10.1818
-18.4214 10.1493
-18.4024 10.1168
-18.4024 10.1168
-18.44 10.1154
-18.4776 10.1139
-18.5152 10.1125
-18.5527 10.111
-18.5902 10.1096
-18.6278 10.1081
-18.6652 10.1066
-18.7027 10.1051
-18.7402 10.1036
-18.7777 10.1021
-18.8151 10.1006
-18.8525 10.099
-18.8899 10.0975
-18.9273 10.096
-18.9647 10.0944
-19.0021 10.0929
-19.0394 10.0913
-19.0767 10.0897
-19.1141 10.0881
-19.1514 10.0865
-19.1887 10.0849
-19.2259 10.0833
-19.2632 10.0817
-19.3004 10.0801
-19.3377 10.0785
-19.3749 10.0769
-19.4121 10.0752
-19.4493 10.0736
-19.4865 10.0719
-19.5236 10.0702
-19.5608 10.0686
-19.5979 10.0669
-19.635 10.0652
-19.6721 10.0635
-19.7092 10.0618
-19.7463 10.0601
-19.7834 10.0584
-19.8204 10.0567
-19.8575 10.055
-19.8945 10.0532
-19.9315 10.0515
-19.9685 10.0497
-20.0055 10.048
-20.0425 10.0462
-20.0794 10.0445
-20.1164 10.0427
-20.1533 10.0409
-20.1902 10.0391
-20.2272 10.0373
-20.264 10.0355
-20.3009 10.0337
-20.3378 10.0319
-20.3747 10.0301
-20.4115 10.0283
-20.4483 10.0264
-20.4852 10.0246
-20.522 10.0228
-20.5588 10.0209
-20.5955 10.0191
-20.6323 10.0172
-20.6691 10.0153
-20.7028 10.0197
-20.7168 9.9907
-20.7308 9.96163
-20.7447 9.93255
-20.7587 9.90344
-20.7725 9.87432
-20.7864 9.84517
-20.8001 9.81601
-20.8139 9.78683
-20.8276 9.75763
-20.8413 9.7284
-20.8549 9.69917
-20.8685 9.66991
-20.882 9.64063
-20.8955 9.61133
-20.909 9.58202
-20.9224 9.55268
-20.9358 9.52333
-20.9491 9.49395
-20.9624 9.46456
-20.9756 9.43515
-20.9889 9.40573
-21.002 9.37628
-21.0152 9.34681
-21.0283 9.31733
-21.0413 9.28783
-21.0543 9.25831
-21.0673 9.22877
-21.0802 9.19921
-21.0931 9.16964
-21.1059 9.14005
-21.1187 9.11044
-21.1315 9.08081
-21.1442 9.05116
-21.1569 9.0215
-21.1695 8.99182
-21.1821 8.96212
-21.1946 8.9324
-21.2071 8.90266
-21.2196 8.87291
-21.232 8.84314
-21.2444 8.81336
-21.2567 8.78355
-21.269 8.75373
-21.2813 8.72389
-21.2935 8.69403
-21.3057 8.66416
-21.3178 8.63427
-21.3299 8.60436
-21.342 8.57444
-21.354 8.5445
-21.3659 8.51454
-21.4037 8.41915
-21.4155 8.38912
-21.4272 8.35908
-21.4389 8.32902
-21.4506 8.29894
-21.4622 8.26885
-21.4738 8.23874
-21.4853 8.20861
-21.4968 8.17847
-21.5083 8.14831
-21.5197 8.11814
-21.531 8.08795
-21.5423 8.05774
-21.5536 8.02752
-21.5649 7.99728
-21.5761 7.96703
-21.5872 7.93676
-21.5983 7.90648
-21.6094 7.87618
-21.6204 7.84586
-21.6314 7.81553
-21.6423 7.78518
-21.6532 7.75482
-21.6641 7.72445
-21.6749 7.69405
-21.6857 7.66365
-21.6964 7.63322
-21.7071 7.60279
-21.7177 7.57233
-21.7283 7.54187
-21.7389 7.51139
-21.7494 7.48089
-21.7599 7.45038
-21.7703 7.41985
-21.7807 7.38931
-21.791 7.35876
-21.8013 7.32819
-21.8116 7.2976
-21.8218 7.267
-21.832 7.23639
-21.8421 7.20576
-21.8522 7.17512
-21.8622 7.14447
-21.8722 7.1138
-21.8822 7.08311
-21.8921 7.05242
-21.902 7.02171
-21.9118 6.99098
-21.9216 6.96024
-21.9313 6.92949
-21.941 6.89872
-21.9507 6.86794
-21.9231 6.84809
-21.8975 6.82157
-21.872 6.79504
-21.8465 6.76851
-21.8209 6.74197
-21.7953 6.71543
-21.7698 6.68889
-21.7442 6.66234
-21.7186 6.63579
-21.6929 6.60923
-21.6673 6.58267
-21.6416 6.55611
-21.616 6.52954
-21.5903 6.50297
-21.5646 6.47639
-21.5389 6.44981
-21.5132 6.42323
-21.4874 6.39664
-21.4617 6.37005
-21.4359 6.34345
-21.4102 6.31685
-21.3844 6.29024
-21.3586 6.26363
-21.3327 6.23702
-21.3069 6.2104
-21.2811 6.18378
-21.2552 6.15715
-21.2293 6.13052
-21.2034 6.10388
-21.1775 6.07724
-21.1516 6.0506
-21.1257 6.02395
-21.0997 5.9973
-21.0737 5.97064
-21.0478 5.94398
-21.0218 5.91731
-20.9958 5.89065
-20.9697 5.86397
-20.9437 5.83729
-20.9176 5.81061
-20.8915 5.78392
-20.8655 5.75723
-20.8394 5.73054
-20.8132 5.70384
-20.7871 5.67713
-20.7609 5.65042
-20.7348 5.62371
-20.7086 5.59699
-20.6824 5.57027
-20.6562 5.54354
-20.6299 5.51681
-20.6037 5.49008
-20.5774 5.46334
-20.5511 5.4366
-20.5248 5.40985
-20.4985 5.3831
-20.4722 5.35634
-20.4458 5.32958
-20.4195 5.30281
-20.3931 5.27604
-20.3667 5.24927
-20.3402 5.22249
-20.3402 5.22249
-20.3763 5.21175
-20.4123 5.20101
-20.4484 5.19026
-20.4844 5.17951
-20.5203 5.16875
-20.5563 5.15799
-20.5923 5.14722
-20.6282 5.13645
-20.6641 5.12568
-20.7 5.1149
-20.7359 5.10412
-20.7718 5.09334
-20.8076 5.08255
-20.8434 5.07175
-20.8793 5.06096
-20.9151 5.05015
-20.9508 5.03935
-20.9866 5.02854
-21.0224 5.01773
-21.0581 5.00691
-21.0938 4.99609
-21.1295 4.98526
-21.1652 4.97444
-21.2009 4.9636
-21.2366 4.95277
-21.2722 4.94193
-21.3078 4.93109
-21.3434 4.92024
-21.379 4.90939
-21.4146 4.89854
-21.4502 4.88768
-21.4857 4.87682
-21.5213 4.86596
-21.5568 4.85509
-21.5923 4.84422
-21.6278 4.83335
-21.6633 4.82247
-21.6987 4.81159
-21.7342 4.80071
-21.7696 4.78982
-21.805 4.77893
-21.8404 4.76804
-21.8758 4.75714
-21.9112 4.74624
-21.9466 4.73534
-21.9819 4.72443
-22.0172 4.71352
-22.0526 4.70261
-22.0879 4.6917
-22.1231 4.68078
-22.1584 4.66986
-22.1937 4.65893
-22.2289 4.64801
-22.2642 4.63708
-22.2994 4.62615
-22.3346 4.61521
-22.3698 4.60427
-22.405 4.59333
-22.4401 4.58239
-22.4753 4.57144
-22.5104 4.56049
-22.5442 4.55638
-22.5505 4.52476
-22.5569 4.49313
-22.5631 4.46149
-22.5694 4.42984
-22.5756 4.39818
-22.5817 4.36651
-22.5878 4.33484
-22.5939 4.30315
-22.5999 4.27146
-22.6058 4.23976
-22.6118 4.20805
-22.6177 4.17633
-22.6235 4.14461
-22.6293 4.11287
-22.635 4.08113
-22.6407 4.04938
-22.6464 4.01762
-22.652 3.98585
-22.6576 3.95408
-22.6631 3.9223
-22.6686 3.89051
-22.674 3.85871
-22.6794 3.82691
-22.6847 3.7951
-22.69 3.76328
-22.6953 3.73145
-22.7005 3.69962
-22.7057 3.66777
-22.7108 3.63592
-22.7159 3.60407
-22.7209 3.57221
-22.7259 3.54034
-22.7308 3.50846
-22.7357 3.47657
-22.7406 3.44468
-22.7454 3.41279
-22.7502 3.38088
-22.7549 3.34897
-22.7596 3.31705
-22.7642 3.28513
-22.7688 3.2532
-22.7733 3.22126
-22.7778 3.18932
-22.7823 3.15737
-22.7867 3.12541
-22.791 3.09345
-22.7953 3.06148
-22.7996 3.02951
-22.8038 2.99753
-22.808 2.96554
-22.8122 2.93355
-22.825 2.83176
-22.829 2.79975
-22.8329 2.76773
-22.8367 2.7357
-22.8405 2.70367
-22.8443 2.67163
-22.848 2.63959
-22.8517 2.60754
-22.8553 2.57549
-22.8589 2.54343
-22.8625 2.51137
-22.866 2.4793
-22.8694 2.44723
-22.8728 2.41515
-22.8762 2.38307
-22.8795 2.35098
-22.8828 2.31889
-22.886 2.28679
-22.8892 2.25469
-22.8924 2.22259
-22.8955 2.19048
-22.8985 2.15837
-22.9015 2.12625
-22.9045 2.09413
-22.9074 2.062
-22.9103 2.02987
-22.9131 1.99774
-22.9159 1.9656
-22.9186 1.93346
-22.9213 1.90131
-22.9239 1.86916
-22.9265 1.83701
-22.9291 1.80485
-22.9316 1.77269
-22.934 1.74053
-22.9365 1.70836
-22.9388 1.67619
-22.9412 1.64401
-22.9435 1.61184
-22.9457 1.57966
-22.9479 1.54747
-22.95 1.51529
-22.9521 1.4831
-22.9542 1.45091
-22.9562 1.41871
-22.9582 1.38651
-22.9601 1.35431
-22.962 1.32211
-22.9638 1.2899
-22.9656 1.25769
-22.9673 1.22548
-22.969 1.19327
-22.9374 1.1809
-22.9061 1.16155
-22.8747 1.14221
-22.8434 1.12286
-22.812 1.10352
-22.7807 1.08417
-22.7493 1.06483
-22.7179 1.04548
-22.6865 1.02613
-22.6551 1.00678
-22.6236 0.987431
-22.5922 0.96808
-22.5607 0.948729
-22.5292 0.929378
-22.4977 0.910026
-22.4662 0.890673
-22.4347 0.87132
-22.4032 0.851966
-22.3716 0.832611
-22.34 0.813257
-22.3085 0.793901
-22.2769 0.774545
-22.2452 0.755188
-22.2136 0.735831
-22.182 0.716474
-22.1503 0.697116
-22.1187 0.677757
-22.087 0.658398
-22.0553 0.639039
-22.0235 0.619679
-21.9918 0.600319
-21.9601 0.580958
-21.9283 0.561597
-21.8965 0.542235
-21.8647 0.522873
-21.8329 0.503511
-21.8011 0.484148
-21.7692 0.464785
-21.7374 0.445422
-21.7055 0.426058
-21.6736 0.406694
-21.6417 0.38733
-21.6098 0.367965
-21.5778 0.3486
-21.5459 0.329235
-21.5139 0.30987
-21.4819 0.290504
-21.4499 0.271138
-21.4179 0.251772
-21.3858 0.232406
-21.3538 0.213039
-21.3217 0.193673
-21.2896 0.174306
-21.2575 0.154939
-21.2254 0.135572
-21.1932 0.116205
-21.1611 0.0968373
-21.1289 0.0774699
-21.0967 0.0581025
-21.0645 0.038735
-21.0322 0.0193675
-21 -3.55271e-15
-21 -9.95552e-15
-21.0322 -0.0193675
-21.0645 -0.038735
-21.0967 -0.0581025
-21.1289 -0.0774699
-21.1611 -0.0968373
-21.1932 -0.116205
-21.2254 -0.135572
-21.2575 -0.154939
-21.2896 -0.174306
-21.3217 -0.193673
-21.3538 -0.213039
-21.3858 -0.232406
-21.4179 -0.251772
-21.4499 -0.271138
-21.4819 -0.290504
-21.5139 -0.30987
-21.5459 -0.329235
-21.5778 -0.3486
-21.6098 -0.367965
-21.6417 -0.38733
-21.6736 -0.406694
-21.7055 -0.426058
-21.7374 -0.445422
-21.7692 -0.464785
-21.8011 -0.484148
-21.8329 -0.503511
-21.8647 -0.522873
-21.8965 -0.542235
-21.9283 -0.561597
-21.9601 -0.580958
-21.9918 -0.600319
-22.0235 -0.619679
-22.0553 -0.639039
-22.087 -0.658398
-22.1187 -0.677757
-22.1503 -0.697116
-22.182 -0.716474
-22.2136 -0.735831
-22.2452 -0.755188
-22.2769 -0.774545
-22.3085 -0.793901
-22.34 -0.813257
-22.3716 -0.832611
-22.4032 -0.851966
-22.4347 -0.87132
-22.4662 -0.890673
-22.4977 -0.910026
-22.5292 -0.929378
-22.5607 -0.948729
-22.5922 -0.96808
-22.6236 -0.987431
-22.6551 -1.00678
-22.6865 -1.02613
-22.7179 -1.04548
-22.7493 -1.06483
-22.7807 -1.08417
-22.812 -1.10352
-22.8434 -1.12286
-22.8747 -1.14221
-22.9061 -1.16155
-22.9374 -1.1809
-22.969 -1.19327
-22.9673 -1.22548
-22.9656 -1.25769
-22.9638 -1.2899
-22.962 -1.32211
-22.9601 -1.35431
-22.9582 -1.38651
-22.9562 -1.41871
-22.9542 -1.45091
-22.9521 -1.4831
-22.95 -1.51529
-22.9479 -1.54747
-22.9457 -1.57966
-22.9435 -1.61184
-22.9412 -1.64401
-22.9388 -1.67619
-22.9365 -1.70836
-22.934 -1.74053
-22.9316 -1.77269
-22.9291 -1.80485
-22.9265 -1.83701
-22.9239 -1.86916
-22.9213 -1.90131
-22.9186 -1.93346
-22.9159 -1.9656
-22.9131 -1.99774
-22.9103 -2.02987
-22.9074 -2.062
-22.9045 -2.09413
-22.9015 -2.12625
-22.8985 -2.15837
-22.8955 -2.19048
-22.8924 -2.22259
-22.8892 -2.25469
-22.886 -2.28679
-22.8828 -2.31889
-22.8795 -2.35098
-22.8762 -2.38307
-22.8728 -2.41515
-22.8694 -2.44723
-22.866 -2.4793
-22.8625 -2.51137
-22.8589 -2.54343
-22.8553 -2.57549
-22.8517 -2.60754
-22.848 -2.63959
-22.8443 -2.67163
-22.8405 -2.70367
-22.8367 -2.7357
-22.8329 -2.76773
-22.829 -2.79975
-22.825 -2.83176
-22.8122 -2.93355
-22.808 -2.96554
-22.8038 -2.99753
-22.7996 -3.02951
-22.7953 -3.06148
-22.791 -3.09345
-22.7867 -3.12541
-22.7823 -3.15737
-22.7778 -3.18932
-22.7733 -3.22126
-22.7688 -3.2532
-22.7642 -3.28513
-22.7596 -3.31705
-22.7549 -3.34897
-22.7502 -3.38088
-22.7454 -3.41279
-22.7406 -3.44468
-22.7357 -3.47657
-22.7308 -3.50846
-22.7259 -3.54034
-22.7209 -3.57221
-22.7159 -3.60407
-22.7108 -3.63592
-22.7057 -3.66777
-22.7005 -3.69962
-22.6953 -3.73145
-22.69 -3.76328
-22.6847 -3.7951
-22.6794 -3.82691
-22.674 -3.85871
-22.6686 -3.89051
-22.6631 -3.9223
-22.6576 -3.95408
-22.652 -3.98585
-22.6464 -4.01762
-22.6407 -4.04938
-22.635 -4.08113
-22.6293 -4.11287
-22.6235 -4.14461
-22.6177 -4.17633
-22.6118 -4.20805
-22.6058 -4.23976
-22.5999 -4.27146
-22.5939 -4.30315
-22.5878 -4.33484
-22.5817 -4.36651
-22.5756 -4.39818
-22.5694 -4.42984
-22.5631 -4.46149
-22.5569 -4.49313
-22.5505 -4.52476
-22.5442 -4.55638
-22.5104 -4.56049
-22.4753 -4.57144
-22.4401 -4.58239
-22.405 -4.59333
-22.3698 -4.60427
-22.3346 -4.61521
-22.2994 -4.62615
-22.2642 -4.63708
-22.2289 -4.64801
-22.1937 -4.65893
-22.1584 -4.66986
-22.1231 -4.68078
-22.0879 -4.6917
-22.0526 -4.70261
-22.0172 -4.71352
-21.9819 -4.72443
-21.9466 -4.73534
-21.9112 -4.74624
-21.8758 -4.75714
-21.8404 -4.76804
-21.805 -4.77893
-21.7696 -4.78982
-21.7342 -4.80071
-21.6987 -4.81159
-21.6633 -4.82247
-21.6278 -4.83335
-21.5923 -4.84422
-21.5568 -4.85509
-21.5213 -4.86596
-21.4857 -4.87682
-21.4502 -4.88768
-21.4146 -4.89854
-21.379 -4.90939
-21.3434 -4.92024
-21.3078 -4.93109
-21.2722 -4.94193
-21.2366 -4.95277
-21.2009 -4.9636
-21.1652 -4.97444
-21.1295 -4.98526
-21.0938 -4.99609
-21.0581 -5.00691
-21.0224 -5.01773
-20.9866 -5.02854
-20.9508 -5.03935
-20.9151 -5.05015
-20.8793 -5.06096
-20.8434 -5.07175
-20.8076 -5.08255
-20.7718 -5.09334
-20.7359 -5.10412
-20.7 -5.1149
-20.6641 -5.12568
-20.6282 -5.13645
-20.5923 -5.14722
-20.5563 -5.15799
-20.5203 -5.16875
-20.4844 -5.17951
-20.4484 -5.19026
-20.4123 -5.20101
-20.3763 -5.21175
-20.3402 -5.22249
-20.3402 -5.22249
-20.3667 -5.24927
-20.3931 -5.27604
-20.4195 -5.30281
-20.4458 -5.32958
-20.4722 -5.35634
-20.4985 -5.3831
-20.5248 -5.40985
-20.5511 -5.4366
-20.5774 -5.46334
-20.6037 -5.49008
-20.6299 -5.51681
-20.6562 -5.54354
-20.6824 -5.57027
-20.7086 -5.59699
-20.7348 -5.62371
-20.7609 -5.65042
-20.7871 -5.67713
-20.8132 -5.70384
-20.8394 -5.73054
-20.8655 -5.75723
-20.8915 -5.78392
-20.9176 -5.81061
-20.9437 -5.83729
-20.9697 -5.86397
-20.9958 -5.89065
-21.0218 -5.91731
-21.0478 -5.94398
-21.0737 -5.97064
-21.0997 -5.9973
-21.1257 -6.02395
-21.1516 -6.0506
-21.1775 -6.07724
-21.2034 -6.10388
-21.2293 -6.13052
-21.2552 -6.15715
-21.2811 -6.18378
-21.3069 -6.2104
-21.3327 -6.23702
-21.3586 -6.26363
-21.3844 -6.29024
-21.4102 -6.31685
-21.4359 -6.34345
-21.4617 -6.37005
-21.4874 -6.39664
-21.5132 -6.42323
-21.5389 -6.44981
-21.5646 -6.47639
-21.5903 -6.50297
-21.616 -6.52954
-21.6416 -6.55611
-21.6673 -6.58267
-21.6929 -6.60923
-21.7186 -6.63579
-21.7442 -6.66234
-21.7698 -6.68889
-21.7953 -6.71543
-21.8209 -6.74197
-21.8465 -6.76851
-21.872 -6.79504
-21.8975 -6.82157
-21.9231 -6.84809
-21.9507 -6.86794
-21.941 -6.89872
-21.9313 -6.92949
-21.9216 -6.96024
-21.9118 -6.99098
-21.902 -7.02171
-21.8921 -7.05242
-21.8822 -7.08311
-21.8722 -7.1138
-21.8622 -7.14447
-21.8522 -7.17512
-21.8421 -7.20576
-21.832 -7.23639
-21.8218 -7.267
-21.8116 -7.2976
-21.8013 -7.32819
-21.791 -7.35876
-21.7807 -7.38931
-21.7703 -7.41985
-21.7599 -7.45038
-21.7494 -7.48089
-21.7389 -7.51139
-21.7283 -7.54187
-21.7177 -7.57233
-21.7071 -7.60279
-21.6964 -7.63322
-21.6857 -7.66365
-21.6749 -7.69405
-21.6641 -7.72445
-21.6532 -7.75482
-21.6423 -7.78518
-21.6314 -7.81553
-21.6204 -7.84586
-21.6094 -7.87618
-21.5983 -7.90648
-21.5872 -7.93676
-21.5761 -7.96703
-21.5649 -7.99728
-21.5536 -8.02752
-21.5423 -8.05774
-21.531 -8.08795
-21.5197 -8.11814
-21.5083 -8.14831
-21.4968 -8.17847
-21.4853 -8.20861
-21.4738 -8.23874
-21.4622 -8.26885
-21.4506 -8.29894
-21.4389 -8.32902
-21.4272 -8.35908
-21.4155 -8.38912
-21.4037 -8.41915
-21.3659 -8.51454
-21.354 -8.5445
-21.342 -8.57444
-21.3299 -8.60436
-21.3178 -8.63427
-21.3057 -8.66416
-21.2935 -8.69403
-21.2813 -8.72389
-21.269 -8.75373
-21.2567 -8.78355
-21.2444 -8.81336
-21.232 -8.84314
-21.2196 -8.87291
-21.2071 -8.90266
-21.1946 -8.9324
-21.1821 -8.96212
-21.1695 -8.99182
-21.1569 -9.0215
-21.1442 -9.05116
-21.1315 -9.08081
-21.1187 -9.11044
-21.1059 -9.14005
-21.0931 -9.16964
-21.0802 -9.19921
-21.0673 -9.22877
-21.0543 -9.25831
-21.0413 -9.28783
-21.0283 -9.31733
-21.0152 -9.34681
-21.002 -9.37628
-20.9889 -9.40573
-20.9756 -9.43515
-20.9624 -9.46456
-20.9491 -9.49395
-20.9358 -9.52333
-20.9224 -9.55268
-20.909 -9.58202
-20.8955 -9.61133
-20.882 -9.64063
-20.8685 -9.66991
-20.8549 -9.69917
-20.8413 -9.7284
-20.8276 -9.75763
-20.8139 -9.78683
-20.8001 -9.81601
-20.7864 -9.84517
-20.7725 -9.87432
-20.7587 -9.90344
-20.7447 -9.93255
-20.7308 -9.96163
-20.7168 -9.9907
-20.7028 -10.0197
-20.6691 -10.0153
-20.6323 -10.0172
-20.5955 -10.0191
-20.5588 -10.0209
-20.522 -10.0228
-20.4852 -10.0246
-20.4483 -10.0264
-20.4115 -10.0283
-20.3747 -10.0301
-20.3378 -10.0319
-20.3009 -10.0337
-20.264 -10.0355
-20.2272 -10.0373
-20.1902 -10.0391
-20.1533 -10.0409
-20.1164 -10.0427
-20.0794 -10.0445
-20.0425 -10.0462
-20.0055 -10.048
-19.9685 -10.0497
-19.9315 -10.0515
-19.8945 -10.0532
-19.8575 -10.055
-19.8204 -10.0567
-19.7834 -10.0584
-19.7463 -10.0601
-19.7092 -10.0618
-19.6721 -10.0635
-19.635 -10.0652
-19.5979 -10.0669
-19.5608 -10.0686
-19.5236 -10.0702
-19.4865 -10.0719
-19.4493 -10.0736
-19.4121 -10.0752
-19.3749 -10.0769
-19.3377 -10.0785
-19.3004 -10.0801
-19.2632 -10.0817
-19.2259 -10.0833
-19.1887 -10.0849
-19.1514 -10.0865
-19.1141 -10.0881
-19.0767 -10.0897
-19.0394 -10.0913
-19.0021 -10.0929
-18.9647 -10.0944
-18.9273 -10.096
-18.8899 -10.0975
-18.8525 -10.099
-18.8151 -10.1006
-18.7777 -10.1021
-18.7402 -10.1036
-18.7027 -10.1051
-18.6652 -10.1066
-18.6278 -10.1081
-18.5902 -10.1096
-18.5527 -10.111
-18.5152 -10.1125
-18.4776 -10.1139
-18.44 -10.1154
-18.4024 -10.1168
-18.4024 -10.1168
-18.4214 -10.1493
-18.4403 -10.1818
-18.4592 -10.2143
-18.4781 -10.2468
-18.4969 -10.2793
-18.5158 -10.3117
-18.5346 -10.3442
-18.5534 -10.3767
-18.5723 -10.4091
-18.591 -10.4415
-18.6098 -10.4739
-18.6286 -10.5064
-18.6473 -10.5388
-18.6661 -10.5712
-18.6848 -10.6036
-18.7035 -10.6359
-18.7222 -10.6683
-18.7409 -10.7007
-18.7595 -10.733
-18.7782 -10.7654
-18.7968 -10.7977
-18.8154 -10.8301
-18.834 -10.8624
-18.8526 -10.8947
-18.8712 -10.927
-18.8898 -10.9593
-18.9083 -10.9916
-18.9268 -11.0239
-18.9454 -11.0562
-18.9639 -11.0884
-18.9824 -11.1207
-19.0008 -11.153
-19.0193 -11.1852
-19.0378 -11.2174
-19.0562 -11.2497
-19.0746 -11.2819
-19.0931 -11.3141
-19.1115 -11.3463
-19.1298 -11.3785
-19.1482 -11.4107
-19.1666 -11.4429
-19.1849 -11.4751
-19.2033 -11.5072
-19.2216 -11.5394
-19.2399 -11.5715
-19.2582 -11.6037
-19.2765 -11.6358
-19.2948 -11.668
-19.313 -11.7001
-19.3313 -11.7322
-19.3495 -11.7643
-19.3678 -11.7964
-19.386 -11.8285
-19.4042 -11.8606
-19.4224 -11.8927
-19.4405 -11.9247
-19.4587 -11.9568
-19.4769 -11.9889
-19.495 -12.0209
-19.5131 -12.053
-19.5313 -12.085
-19.553 -12.1111
-19.536 -12.1385
-19.519 -12.1659
-19.5019 -12.1932
-19.4848 -12.2206
-19.4676 -12.2479
-19.4504 -12.2752
-19.4332 -12.3025
-19.4159 -12.3297
-19.3986 -12.3569
-19.3813 -12.3841
-19.3639 -12.4113
-19.3465 -12.4384
-19.329 -12.4656
-19.3115 -12.4927
-19.2939 -12.5197
-19.2764 -12.5468
-19.2588 -12.5738
-19.2411 -12.6008
-19.2234 -12.6278
-19.2057 -12.6547
-19.1879 -12.6816
-19.1701 -12.7085
-19.1523 -12.7354
-19.1344 -12.7623
-19.1165 -12.7891
-19.0985 -12.8159
-19.0805 -12.8427
-19.0625 -12.8694
-19.0444 -12.8961
-19.0263 -12.9228
-19.0082 -12.9495
-18.99 -12.9761
-18.9718 -13.0028
-18.9535 -13.0294
-18.9352 -13.0559
-18.9169 -13.0825
-18.8985 -13.109
-18.8801 -13.1355
-18.8617 -13.162
-18.8432 -13.1884
-18.8247 -13.2148
-18.8061 -13.2412
-18.7875 -13.2676
-18.7689 -13.2939
-18.7503 -13.3202
-18.7316 -13.3465
-18.7128 -13.3728
-18.694 -13.399
-18.6752 -13.4252
-18.6564 -13.4514
-18.6375 -13.4775
-18.5772 -13.5605
-18.5582 -13.5866
-18.5391 -13.6126
-18.52 -13.6386
-18.5008 -13.6645
-18.4816 -13.6905
-18.4624 -13.7164
-18.4432 -13.7423
-18.4239 -13.7681
-18.4045 -13.7939
-18.3852 -13.8197
-18.3658 -13.8455
-18.3463 -13.8713
-18.3269 -13.897
-18.3074 -13.9227
-18.2878 -13.9483
-18.2682 -13.974
-18.2486 -13.9996
-18.229 -14.0251
-18.2093 -14.0507
-18.1896 -14.0762
-18.1698 -14.1017
-18.15 -14.1272
-18.1302 -14.1526
-18.1103 -14.178
-18.0904 -14.2034
-18.0705 -14.2288
-18.0505 -14.2541
-18.0305 -14.2794
-18.0104 -14.3047
-17.9903 -14.3299
-17.9702 -14.3552
-17.9501 -14.3804
-17.9299 -14.4055
-17.9097 -14.4306
-17.8894 -14.4558
-17.8691 -14.4808
-17.8488 -14.5059
-17.8284 -14.5309
-17.808 -14.5559
-17.7876 -14.5808
-17.7671 -14.6058
-17.7466 -14.6307
-17.7261 -14.6556
-17.7055 -14.6804
-17.6849 -14.7052
-17.6643 -14.73
-17.6436 -14.7548
-17.6229 -14.7795
-17.6021 -14.8042
-17.5814 -14.8289
-17.5605 -14.8535
-17.529 -14.8409
-17.4929 -14.8335
-17.4569 -14.8262
-17.4208 -14.8188
-17.3847 -14.8115
-17.3486 -14.8041
-17.3124 -14.7967
-17.2763 -14.7893
-17.2402 -14.782
-17.204 -14.7745
-17.1679 -14.7671
-17.1317 -14.7597
-17.0955 -14.7523
-17.0593 -14.7448
-17.0231 -14.7374
-16.9869 -14.7299
-16.9507 -14.7224
-16.9144 -14.715
-16.8782 -14.7075
-16.8419 -14.7
-16.8056 -14.6925
-16.7693 -14.6849
-16.7331 -14.6774
-16.6967 -14.6699
-16.6604 -14.6623
-16.6241 -14.6548
-16.5878 -14.6472
-16.5514 -14.6396
-16.515 -14.632
-16.4787 -14.6244
-16.4423 -14.6168
-16.4059 -14.6092
-16.3695 -14.6016
-16.3331 -14.5939
-16.2966 -14.5863
-16.2602 -14.5786
-16.2237 -14.5709
-16.1873 -14.5633
-16.1508 -14.5556
-16.1143 -14.5479
-16.0778 -14.5401
-16.0413 -14.5324
-16.0047 -14.5247
-15.9682 -14.5169
-15.9316 -14.5092
-15.8951 -14.5014
-15.8585 -14.4936
-15.8219 -14.4858
-15.7853 -14.478
-15.7487 -14.4702
-15.7121 -14.4624
-15.6754 -14.4545
-15.6388 -14.4467
-15.6021 -14.4388
-15.5654 -14.4309
-15.5287 -14.4231
-15.492 -14.4152
-15.4553 -14.4072
-15.4186 -14.3993
-15.3819 -14.3914
-15.3451 -14.3834
-15.3083 -14.3755
-15.3083 -14.3755
-15.3186 -14.4117
-15.3288 -14.4479
-15.3391 -14.484
-15.3493 -14.5202
-15.3595 -14.5563
-15.3697 -14.5925
-15.3798 -14.6286
-15.39 -14.6647
-15.4001 -14.7008
-15.4103 -14.7369
-15.4204 -14.773
-15.4305 -14.809
-15.4406 -14.8451
-15.4507 -14.8811
-15.4608 -14.9171
-15.4708 -14.9532
-15.4809 -14.9892
-15.4909 -15.0252
-15.501 -15.0611
-15.511 -15.0971
-15.521 -15.1331
-15.531 -15.169
-15.541 -15.205
-15.5509 -15.2409
-15.5609 -15.2768
-15.5708 -15.3127
-15.5808 -15.3486
-15.5907 -15.3845
-15.6006 -15.4203
-15.6105 -15.4562
-15.6204 -15.492
-15.6303 -15.5279
-15.6401 -15.5637
-15.65 -15.5995
-15.6598 -15.6353
-15.6697 -15.6711
-15.6795 -15.7069
-15.6893 -15.7427
-15.6991 -15.7784
-15.7089 -15.8142
-15.7187 -15.8499
-15.7285 -15.8856
-15.7382 -15.9214
-15.748 -15.9571
-15.7577 -15.9928
-15.7675 -16.0285
-15.7772 -16.0641
-15.7869 -16.0998
-15.7966 -16.1355
-15.8063 -16.1711
-15.816 -16.2067
-15.8256 -16.2424
-15.8353 -16.278
-15.845 -16.3136
-15.8546 -16.3492
-15.8642 -16.3848
-15.8738 -16.4203
-15.8835 -16.4559
-15.8931 -16.4915
-15.9027 -16.527
-15.9122 -16.5625
-15.9268 -16.5932
-15.9036 -16.6156
-15.8802 -16.6378
-15.8569 -16.6601
-15.8335 -16.6823
-15.8101 -16.7045
-15.7867 -16.7267
-15.7632 -16.7488
-15.7397 -16.7709
-15.7161 -16.7929
-15.6926 -16.815
-15.669 -16.837
-15.6453 -16.8589
-15.6217 -16.8809
-15.598 -16.9027
-15.5743 -16.9246
-15.5505 -16.9464
-15.5267 -16.9682
-15.5029 -16.99
-15.4791 -17.0117
-15.4552 -17.0334
-15.4313 -17.0551
-15.4074 -17.0767
-15.3834 -17.0983
-15.3594 -17.1198
-15.3354 -17.1414
-15.3113 -17.1629
-15.2872 -17.1843
-15.2631 -17.2057
-15.239 -17.2271
-15.2148 -17.2485
-15.1906 -17.2698
-15.1663 -17.2911
-15.1421 -17.3124
-15.1178 -17.3336
-15.0935 -17.3548
-15.0691 -17.3759
-15.0447 -17.397
-15.0203 -17.4181
-14.9959 -17.4392
-14.9714 -17.4602
-14.9469 -17.4812
-14.9223 -17.5021
-14.8978 -17.523
-14.8732 -17.5439
-14.8486 -17.5647
-14.8239 -17.5855
-14.7992 -17.6063
-14.7745 -17.6271
-14.7498 -17.6478
-14.725 -17.6684
-14.7002 -17.6891
-14.6212 -17.7545
-14.5963 -17.7749
-14.5713 -17.7954
-14.5464 -17.8158
-14.5214 -17.8362
-14.4963 -17.8566
-14.4713 -17.8769
-14.4462 -17.8971
-14.4211 -17.9174
-14.3959 -17.9376
-14.3707 -17.9578
-14.3455 -17.9779
-14.3203 -17.998
-14.2951 -18.0181
-14.2698 -18.0381
-14.2445 -18.0581
-14.2191 -18.0781
-14.1938 -18.098
-14.1684 -18.1179
-14.1429 -18.1377
-14.1175 -18.1576
-14.092 -18.1773
-14.0665 -18.1971
-14.041 -18.2168
-14.0154 -18.2365
-13.9898 -18.2561
-13.9642 -18.2757
-13.9385 -18.2953
-13.9129 -18.3148
-13.8872 -18.3343
-13.8614 -18.3538
-13.8357 -18.3732
-13.8099 -18.3926
-13.7841 -18.4119
-13.7583 -18.4312
-13.7324 -18.4505
-13.7065 -18.4698
-13.6806 -18.489
-13.6546 -18.5081
-13.6287 -18.5273
-13.6027 -18.5464
-13.5766 -18.5654
-13.5506 -18.5844
-13.5245 -18.6034
-13.4984 -18.6224
-13.4723 -18.6413
-13.4461 -18.6602
-13.4199 -18.679
-13.3937 -18.6978
-13.3675 -18.7166
-13.3412 -18.7353
-13.3149 -18.754
-13.2875 -18.7339
-13.2544 -18.7178
-13.2213 -18.7017
-13.1882 -18.6856
-13.155 -18.6695
-13.1219 -18.6534
-13.0887 -18.6373
-13.0556 -18.6212
-13.0224 -18.605
-12.9892 -18.5888
-12.9561 -18.5727
-12.9229 -18.5565
-12.8897 -18.5403
-12.8565 -18.5241
-12.8232 -18.5078
-12.79 -18.4916
-12.7568 -18.4754
-12.7236 -18.4591
-12.6903 -18.4428
-12.657 -18.4266
-12.6238 -18.4103
-12.5905 -18.394
-12.5572 -18.3776
-12.5239 -18.3613
-12.4906 -18.345
-12.4573 -18.3286
-12.424 -18.3122
-12.3907 -18.2959
-12.3574 -18.2795
-12.324 -18.2631
-12.2907 -18.2466
-12.2573 -18.2302
-12.2239 -18.2138
-12.1906 -18.1973
-12.1572 -18.1808
-12.1238 -18.1643
-12.0904 -18.1478
-12.057 -18.1313
-12.0235 -18.1148
-11.9901 -18.0983
-11.9567 -18.0817
-11.9232 -18.0651
-11.8898 -18.0486
-11.8563 -18.032
-11.8228 -18.0154
-11.7894 -17.9987
-11.7559 -17.9821
-11.7224 -17.9655
-11.6888 -17.9488
-11.6553 -17.9321
-11.6218 -17.9154
-11.5883 -17.8987
-11.5547 -17.882
-11.5212 -17.8653
-11.4876 -17.8485
-11.454 -17.8318
-11.4204 -17.815
-11.3868 -17.7982
-11.3532 -17.7814
-11.3196 -17.7646
-11.286 -17.7477
-11.2524 -17.7309
-11.2524 -17.7309
-11.2533 -17.7685
-11.2542 -17.8061
-11.2551 -17.8437
-11.256 -17.8812
-11.2569 -17.9188
-11.2578 -17.9563
-11.2587 -17.9938
-11.2595 -18.0313
-11.2604 -18.0688
-11.2612 -18.1063
-11.2621 -18.1437
-11.2629 -18.1812
-11.2637 -18.2186
-11.2645 -18.256
-11.2653 -18.2934
-11.2661 -18.3308
-11.2669 -18.3682
-11.2676 -18.4056
-11.2684 -18.4429
-11.2692 -18.4802
-11.2699 -18.5175
-11.2707 -18.5549
-11.2714 -18.5921
-11.2721 -18.6294
-11.2728 -18.6667
-11.2735 -18.7039
-11.2742 -18.7412
-11.2749 -18.7784
-11.2756 -18.8156
-11.2763 -18.8528
-11.2769 -18.89
-11.2776 -18.9271
-11.2782 -18.9643
-11.2789 -19.0014
-11.2795 -19.0386
-11.2801 -19.0757
-11.2808 -19.1128
-11.2814 -19.1499
-11.282 -19.1869
-11.2826 -19.224
-11.2832 -19.261
-11.2837 -19.2981
-11.2843 -19.3351
-11.2849 -19.3721
-11.2854 -19.4091
-11.286 -19.4461
-11.2865 -19.4831
-11.2871 -19.52
-11.2876 -19.557
-11.2881 -19.5939
-11.2886 -19.6308
-11.2891 -19.6678
-11.2896 -19.7047
-11.2901 -19.7415
-11.2906 -19.7784
-11.2911 -19.8153
-11.2916 -19.8521
-11.292 -19.889
-11.2925 -19.9258
-11.2929 -19.9626
-11.2934 -19.9994
-11.2999 -20.0328
-11.2718 -20.0486
-11.2437 -20.0644
-11.2155 -20.0801
-11.1873 -20.0959
-11.1591 -20.1115
-11.1309 -20.1272
-11.1027 -20.1427
-11.0744 -20.1583
-11.0461 -20.1738
-11.0178 -20.1893
-10.9895 -20.2047
-10.9612 -20.2201
-10.9328 -20.2355
-10.9044 -20.2508
-10.876 -20.2661
-10.8476 -20.2813
-10.8191 -20.2965
-10.7906 -20.3116
-10.7621 -20.3267
-10.7336 -20.3418
-10.7051 -20.3569
-10.6765 -20.3718
-10.6479 -20.3868
-10.6193 -20.4017
-10.5907 -20.4166
-10.5621 -20.4314
-10.5334 -20.4462
-10.5047 -20.461
-10.476 -20.4757
-10.4473 -20.4904
-10.4185 -20.505
-10.3897 -20.5196
-10.361 -20.5341
-10.3321 -20.5486
-10.3033 -20.5631
-10.2745 -20.5775
-10.2456 -20.5919
-10.2167 -20.6063
-10.1878 -20.6206
-10.1589 -20.6349
-10.1299 -20.6491
-10.1009 -20.6633
-10.0719 -20.6774
-10.0429 -20.6915
-10.0139 -20.7056
-9.98486 -20.7196
-9.95579 -20.7336
-9.9267 -20.7475
-9.89759 -20.7614
-9.86846 -20.7753
-9.83932 -20.7891
-9.74648 -20.8328
-9.71725 -20.8465
-9.68801 -20.8601
-9.65874 -20.8736
-9.62946 -20.8872
-9.60015 -20.9006
-9.57083 -20.9141
-9.54149 -20.9275
-9.51213 -20.9409
-9.48275 -20.9542
-9.45335 -20.9675
-9.42393 -20.9807
-9.3945 -20.9939
-9.36504 -21.007
-9.33557 -21.0202
-9.30608 -21.0332
-9.27657 -21.0463
-9.24704 -21.0593
-9.2175 -21.0722
-9.18794 -21.0851
-9.15835 -21.098
-9.12876 -21.1108
-9.09914 -21.1236
-9.0695 -21.1363
-9.03985 -21.149
-9.01018 -21.1617
-8.98049 -21.1743
-8.95078 -21.1869
-8.92106 -21.1994
-8.89132 -21.2119
-8.86156 -21.2243
-8.83178 -21.2368
-8.80199 -21.2491
-8.77218 -21.2614
-8.74235 -21.2737
-8.7125 -21.286
-8.68264 -21.2982
-8.65276 -21.3103
-8.62287 -21.3224
-8.59295 -21.3345
-8.56302 -21.3465
-8.53307 -21.3585
-8.50311 -21.3705
-8.47313 -21.3824
-8.44313 -21.3942
-8.41312 -21.4061
-8.38309 -21.4178
-8.35304 -21.4296
-8.32297 -21.4413
-8.29289 -21.4529
-8.2628 -21.4645
-8.23269 -21.4761
-8.21114 -21.4498
-8.18306 -21.426
-8.15499 -21.4022
-8.1269 -21.3784
-8.09882 -21.3545
-8.07072 -21.3307
-8.04263 -21.3068
-8.01452 -21.2829
-7.98642 -21.259
-7.9583 -21.2351
-7.93019 -21.2112
-7.90206 -21.1873
-7.87394 -21.1633
-7.8458 -21.1394
-7.81767 -21.1154
-7.78952 -21.0914
-7.76138 -21.0674
-7.73323 -21.0434
-7.70507 -21.0194
-7.67691 -20.9953
-7.64874 -20.9713
-7.62056 -20.9472
-7.59239 -20.9231
-7.5642 -20.899
-7.53602 -20.8749
-7.50782 -20.8508
-7.47962 -20.8266
-7.45142 -20.8025
-7.42321 -20.7783
-7.395 -20.7541
-7.36678 -20.7299
-7.33856 -20.7057
-7.31033 -20.6815
-7.28209 -20.6573
-7.25385 -20.633
-7.22561 -20.6087
-7.19736 -20.5844
-7.1691 -20.5601
-7.14084 -20.5358
-7.11257 -20.5115
-7.0843 -20.4871
-7.05602 -20.4628
-7.02774 -20.4384
-6.99945 -20.414
-6.97116 -20.3896
-6.94286 -20.3652
-6.91456 -20.3407
-6.88625 -20.3163
-6.85794 -20.2918
-6.82962 -20.2673
-6.80129 -20.2428
-6.77296 -20.2183
-6.74463 -20.1938
-6.71628 -20.1692
-6.68794 -20.1446
-6.65959 -20.1201
-6.63123 -20.0954
-6.60286 -20.0708
-6.5745 -20.0462
-6.54612 -20.0215
-6.51774 -19.9969
-6.48936 -19.9722
-6.48936 -19.9722
-6.4809 -20.0088
-6.47244 -20.0455
-6.46398 -20.0821
-6.45551 -20.1187
-6.44703 -20.1553
-6.43855 -20.1919
-6.43006 -20.2284
-6.42157 -20.265
-6.41308 -20.3015
-6.40457 -20.338
-6.39607 -20.3745
-6.38756 -20.411
-6.37904 -20.4474
-6.37052 -20.4839
-6.36199 -20.5203
-6.35346 -20.5567
-6.34492 -20.5931
-6.33638 -20.6295
-6.32783 -20.6658
-6.31928 -20.7022
-6.31072 -20.7385
-6.30216 -20.7748
-6.2936 -20.8111
-6.28503 -20.8474
-6.27645 -20.8837
-6.26787 -20.9199
-6.25929 -20.9562
-6.2507 -20.9924
-6.24211 -21.0286
-6.23351 -21.0648
-6.22491 -21.101
-6.2163 -21.1371
-6.20769 -21.1733
-6.19907 -21.2094
-6.19045 -21.2455
-6.18183 -21.2816
-6.1732 -21.3177
-6.16457 -21.3538
-6.15593 -21.3899
-6.14729 -21.4259
-6.13865 -21.4619
-6.13 -21.498
-6.12135 -21.534
-6.11269 -21.5699
-6.10403 -21.6059
-6.09536 -21.6419
-6.0867 -21.6778
-6.07802 -21.7138
-6.06935 -21.7497
-6.06067 -21.7856
-6.05198 -21.8215
-6.04329 -21.8574
-6.0346 -21.8932
-6.02591 -21.9291
-6.01721 -21.9649
-6.0085 -22.0007
-5.9998 -22.0365
-5.99109 -22.0723
-5.98237 -22.1081
-5.97366 -22.1439
-5.96493 -22.1796
-5.96295 -22.2136
-5.93179 -22.2219
-5.90062 -22.2302
-5.86943 -22.2385
-5.83824 -22.2467
-5.80703 -22.2549
-5.77581 -22.263
-5.74458 -22.2711
-5.71334 -22.2791
-5.68209 -22.2871
-5.65083 -22.295
-5.61955 -22.3029
-5.58826 -22.3108
-5.55697 -22.3186
-5.52566 -22.3264
-5.49434 -22.3341
-5.46301 -22.3418
-5.43167 -22.3494
-5.40032 -22.357
-5.36896 -22.3646
-5.33759 -22.3721
-5.3062 -22.3795
-5.27481 -22.387
-5.24341 -22.3943
-5.21199 -22.4017
-5.18057 -22.409
-5.14914 -22.4162
-5.11769 -22.4234
-5.08624 -22.4306
-5.05477 -22.4377
-5.0233 -22.4447
-4.99181 -22.4518
-4.96032 -22.4587
-4.92882 -22.4657
-4.8973 -22.4726
-4.86578 -22.4794
-4.83425 -22.4862
-4.8027 -22.493
-4.77115 -22.4997
-4.73959 -22.5064
-4.70802 -22.513
-4.67644 -22.5196
-4.64485 -22.5261
-4.61325 -22.5326
-4.58165 -22.539
-4.55003 -22.5454
-4.51841 -22.5518
-4.48677 -22.5581
-4.45513 -22.5644
-4.42348 -22.5706
-4.39182 -22.5768
-4.36015 -22.5829
-4.25937 -22.6022
-4.22767 -22.6081
-4.19595 -22.614
-4.16423 -22.6199
-4.1325 -22.6257
-4.10077 -22.6315
-4.06902 -22.6372
-4.03727 -22.6429
-4.00551 -22.6485
-3.97374 -22.6541
-3.94196 -22.6597
-3.91018 -22.6652
-3.87838 -22.6706
-3.84658 -22.6761
-3.81478 -22.6814
-3.78296 -22.6868
-3.75114 -22.692
-3.71931 -22.6973
-3.68747 -22.7025
-3.65563 -22.7076
-3.62378 -22.7127
-3.59192 -22.7178
-3.56005 -22.7228
-3.52818 -22.7278
-3.4963 -22.7327
-3.46441 -22.7376
-3.43252 -22.7424
-3.40062 -22.7472
-3.36871 -22.752
-3.3368 -22.7567
-3.30488 -22.7613
-3.27295 -22.7659
-3.24102 -22.7705
-3.20908 -22.775
-3.17713 -22.7795
-3.14518 -22.7839
-3.11322 -22.7883
-3.08126 -22.7927
-3.04929 -22.797
-3.01731 -22.8012
-2.98533 -22.8054
-2.95334 -22.8096
-2.92135 -22.8137
-2.88935 -22.8178
-2.85734 -22.8218
-2.82533 -22.8258
-2.79332 -22.8297
-2.76129 -22.8336
-2.72927 -22.8375
-2.69723 -22.8413
-2.66519 -22.8451
-2.63315 -22.8488
-2.61882 -22.818
-2.59755 -22.7879
-2.57627 -22.7579
-2.555 -22.7278
-2.53372 -22.6977
-2.51244 -22.6676
-2.49116 -22.6375
-2.46988 -22.6074
-2.4486 -22.5773
-2.42732 -22.5471
-2.40603 -22.517
-2.38474 -22.4868
-2.36346 -22.4566
-2.34217 -22.4264
-2.32087 -22.3962
-2.29958 -22.366
-2.27829 -22.3357
-2.25699 -22.3055
-2.23569 -22.2752
-2.21439 -22.2449
-2.19309 -22.2146
-2.17179 -22.1843
-2.15049 -22.1539
-2.12918 -22.1236
-2.10788 -22.0932
-2.08657 -22.0628
-2.06526 -22.0324
-2.04395 -22.002
-2.02264 -21.9716
-2.00133 -21.9412
-1.98001 -21.9107
-1.9587 -21.8802
-1.93738 -21.8498
-1.91606 -21.8193
-1.89474 -21.7887
-1.87342 -21.7582
-1.85209 -21.7277
-1.83077 -21.6971
-1.80944 -21.6665
-1.78812 -21.6359
-1.76679 -21.6053
-1.74546 -21.5747
-1.72413 -21.544
-1.7028 -21.5134
-1.68146 -21.4827
-1.66013 -21.452
-1.63879 -21.4213
-1.61745 -21.3905
-1.59611 -21.3598
-1.57477 -21.329
-1.55343 -21.2983
-1.53209 -21.2675
-1.51075 -21.2367
-1.4894 -21.2058
-1.46806 -21.175
-1.44671 -21.1441
-1.42536 -21.1132
-1.40401 -21.0823
-1.38266 -21.0514
-1.36131 -21.0205
-1.33996 -20.9895
-1.3186 -20.9586
-1.3186 -20.9586
-1.3013 -20.992
-1.28399 -21.0253
-1.26668 -21.0587
-1.24938 -21.0921
-1.23207 -21.1254
-1.21476 -21.1587
-1.19745 -21.192
-1.18014 -21.2253
-1.16282 -21.2585
-1.14551 -21.2918
-1.1282 -21.325
-1.11088 -21.3582
-1.09356 -21.3914
-1.07625 -21.4246
-1.05893 -21.4578
-1.04161 -21.4909
-1.02429 -21.524
-1.00697 -21.5571
-0.98965 -21.5902
-0.972328 -21.6233
-0.955005 -21.6564
-0.937682 -21.6894
-0.920358 -21.7224
-0.903033 -21.7555
-0.885708 -21.7885
-0.868382 -21.8214
-0.851055 -21.8544
-0.833728 -21.8874
-0.8164 -21.9203
-0.799072 -21.9532
-0.781743 -21.9861
-0.764413 -22.019
-0.747083 -22.0519
-0.729753 -22.0847
-0.712422 -22.1176
-0.69509 -22.1504
-0.677758 -22.1832
-0.660425 -22.216
-0.643092 -22.2488
-0.625759 -22.2815
-0.608425 -22.3143
-0.591091 -22.347
-0.573756 -22.3797
-0.556421 -22.4124
-0.539086 -22.4451
-0.52175 -22.4778
-0.504414 -22.5105
-0.487078 -22.5431
-0.469741 -22.5758
-0.452404 -22.6084
-0.435067 -22.641
-0.417729 -22.6736
-0.400392 -22.7061
-0.383054 -22.7387
-0.365715 -22.7713
-0.348377 -22.8038
-0.331038 -22.8363
-0.313699 -22.8688
-0.29636 -22.9013
-0.279021 -22.9338
-0.261681 -22.9663
-0.251322 -22.9986
-0.219066 -22.999
-0.186809 -22.9992
-0.154552 -22.9995
-0.122295 -22.9997
-0.0900369 -22.9998
-0.057779 -22.9999
-0.025521 -23
0.0067371 -23
0.0389951 -23
0.0712531 -22.9999
0.103511 -22.9998
0.135769 -22.9996
0.168026 -22.9994
0.200283 -22.9991
0.23254 -22.9988
0.264796 -22.9985
0.297051 -22.9981
0.329306 -22.9976
0.361561 -22.9972
0.393815 -22.9966
0.426068 -22.9961
0.45832 -22.9954
0.490571 -22.9948
0.522821 -22.9941
0.55507 -22.9933
0.587318 -22.9925
0.619565 -22.9917
0.651811 -22.9908
0.684056 -22.9898
0.716299 -22.9888
0.74854 -22.9878
0.780781 -22.9867
0.813019 -22.9856
0.845256 -22.9845
0.877492 -22.9833
0.909726 -22.982
0.941957 -22.9807
0.974188 -22.9794
1.00642 -22.978
1.03864 -22.9765
1.07087 -22.9751
1.10309 -22.9735
1.13531 -22.972
1.16753 -22.9703
1.19974 -22.9687
1.23195 -22.967
1.26416 -22.9652
1.29637 -22.9634
1.32858 -22.9616
1.36078 -22.9597
1.39298 -22.9578
1.49538 -22.9513
1.52756 -22.9492
1.55975 -22.9471
1.59193 -22.9448
1.62411 -22.9426
1.65629 -22.9403
1.68846 -22.9379
1.72063 -22.9355
1.75279 -22.9331
1.78496 -22.9306
1.81712 -22.9281
1.84927 -22.9255
1.88142 -22.9229
1.91357 -22.9203
1.94572 -22.9176
1.97786 -22.9148
2.00999 -22.912
2.04213 -22.9092
2.07425 -22.9063
2.10638 -22.9033
2.1385 -22.9004
2.17062 -22.8973
2.20273 -22.8943
2.23484 -22.8912
2.26694 -22.888
2.29904 -22.8848
2.33113 -22.8816
2.36322 -22.8783
2.39531 -22.8749
2.42739 -22.8715
2.45946 -22.8681
2.49153 -22.8647
2.5236 -22.8611
2.55566 -22.8576
2.58771 -22.854
2.61977 -22.8503
2.65181 -22.8466
2.68385 -22.8429
2.71589 -22.8391
2.74792 -22.8353
2.77994 -22.8314
2.81196 -22.8275
2.84397 -22.8235
2.87598 -22.8195
2.90798 -22.8154
2.93998 -22.8113
2.97197 -22.8072
3.00395 -22.803
3.03593 -22.7988
3.06791 -22.7945
3.09987 -22.7901
3.13183 -22.7858
3.13805 -22.7524
3.15119 -22.718
3.16432 -22.6836
3.17745 -22.6492
3.19058 -22.6147
3.2037 -22.5803
3.21683 -22.5459
3.22995 -22.5114
3.24307 -22.4769
3.25619 -22.4424
3.2693 -22.4079
3.28242 -22.3734
3.29553 -22.3389
3.30864 -22.3043
3.32175 -22.2698
3.33485 -22.2352
3.34796 -22.2006
3.36106 -22.166
3.37416 -22.1314
3.38725 -22.0967
3.40035 -22.0621
3.41344 -22.0274
3.42653 -21.9927
3.43962 -21.958
3.45271 -21.9233
3.46579 -21.8886
3.47887 -21.8539
3.49195 -21.8191
3.50502 -21.7843
3.5181 -21.7496
3.53117 -21.7148
3.54424 -21.6799
3.5573 -21.6451
3.57037 -21.6103
3.58343 -21.5754
3.59649 -21.5405
3.60954 -21.5056
3.62259 -21.4707
3.63565 -21.4358
3.64869 -21.4009
3.66174 -21.3659
3.67478 -21.3309
3.68782 -21.296
3.70086 -21.2609
3.71389 -21.2259
3.72692 -21.1909
3.73995 -21.1558
3.75297 -21.1208
3.766 -21.0857
3.77902 -21.0506
3.79203 -21.0155
3.80505 -20.9803
3.81806 -20.9452
3.83106 -20.91
3.84407 -20.8748
3.85707 -20.8396
3.87007 -20.8044
3.88306 -20.7692
3.89605 -20.7339
3.90904 -20.6986
3.92203 -20.6633
3.93501 -20.628
3.93501 -20.628
3.96007 -20.6561
3.98514 -20.6841
4.0102 -20.7121
4.03526 -20.7401
4.06031 -20.7681
4.08536 -20.7961
4.11041 -20.824
4.13545 -20.8519
4.16049 -20.8798
4.18553 -20.9077
4.21056 -20.9356
4.23559 -20.9635
4.26062 -20.9913
4.28565 -21.0192
4.31067 -21.047
4.33568 -21.0748
4.3607 -21.1025
4.38571 -21.1303
4.41071 -21.1581
4.43572 -21.1858
4.46072 -21.2135
4.48572 -21.2412
4.51071 -21.2689
4.5357 -21.2965
4.56069 -21.3242
4.58567 -21.3518
4.61065 -21.3795
4.63563 -21.4071
4.6606 -21.4347
4.68557 -21.4622
4.71054 -21.4898
4.7355 -21.5173
4.76046 -21.5449
4.78542 -21.5724
4.81037 -21.5999
4.83532 -21.6274
4.86027 -21.6548
4.88522 -21.6823
4.91016 -21.7097
4.93509 -21.7371
4.96003 -21.7646
4.98496 -21.7919
5.00989 -21.8193
5.03481 -21.8467
5.05973 -21.874
5.08465 -21.9014
5.10956 -21.9287
5.13447 -21.956
5.15938 -21.9833
5.18428 -22.0106
5.20918 -22.0379
5.23408 -22.0651
5.25898 -22.0924
5.28387 -22.1196
5.30876 -22.1468
5.33364 -22.174
5.35852 -22.2012
5.3834 -22.2284
5.40827 -22.2555
5.43315 -22.2827
5.45801 -22.3098
5.4761 -22.3386
5.50742 -22.3309
5.53874 -22.3231
5.57004 -22.3153
5.60133 -22.3075
5.63262 -22.2996
5.66389 -22.2917
5.69514 -22.2837
5.72639 -22.2757
5.75763 -22.2677
5.78885 -22.2596
5.82007 -22.2514
5.85127 -22.2433
5.88246 -22.235
5.91364 -22.2268
5.94481 -22.2184
5.97597 -22.2101
6.00711 -22.2017
6.03824 -22.1932
6.06936 -22.1847
6.10047 -22.1762
6.13157 -22.1676
6.16265 -22.159
6.19372 -22.1503
6.22479 -22.1416
6.25583 -22.1329
6.28687 -22.1241
6.31789 -22.1152
6.3489 -22.1064
6.3799 -22.0974
6.41089 -22.0885
6.44186 -22.0795
6.47282 -22.0704
6.50377 -22.0613
6.5347 -22.0522
6.56563 -22.043
6.59654 -22.0337
6.62743 -22.0245
6.65832 -22.0151
6.68919 -22.0058
6.72004 -21.9964
6.75089 -21.9869
6.78172 -21.9774
6.81253 -21.9679
6.84334 -21.9583
6.87413 -21.9487
6.90491 -21.9391
6.93567 -21.9294
6.96642 -21.9196
6.99715 -21.9098
7.02788 -21.9
7.05859 -21.8901
7.15616 -21.8584
7.18681 -21.8483
7.21745 -21.8382
7.24807 -21.8281
7.27868 -21.8179
7.30927 -21.8077
7.33985 -21.7974
7.37041 -21.7871
7.40096 -21.7767
7.4315 -21.7663
7.46202 -21.7559
7.49252 -21.7454
7.52301 -21.7349
7.55349 -21.7243
7.58395 -21.7137
7.6144 -21.703
7.64483 -21.6923
7.67525 -21.6816
7.70565 -21.6708
7.73603 -21.66
7.7664 -21.6491
7.79676 -21.6382
7.8271 -21.6272
7.85743 -21.6162
7.88773 -21.6052
7.91803 -21.5941
7.94831 -21.583
7.97857 -21.5718
8.00882 -21.5606
8.03905 -21.5493
8.06926 -21.538
8.09946 -21.5267
8.12965 -21.5153
8.15982 -21.5039
8.18997 -21.4924
8.2201 -21.4809
8.25022 -21.4694
8.28033 -21.4578
8.31041 -21.4461
8.34048 -21.4345
8.37054 -21.4227
8.40057 -21.411
8.4306 -21.3992
8.4606 -21.3873
8.49059 -21.3755
8.52056 -21.3635
8.55051 -21.3516
8.58045 -21.3395
8.61037 -21.3275
8.64028 -21.3154
8.67016 -21.3032
8.70003 -21.2911
8.69775 -21.2571
8.70192 -21.2206
8.70608 -21.184
8.71024 -21.1474
8.7144 -21.1108
8.71855 -21.0742
8.72269 -21.0376
8.72683 -21.0009
8.73097 -20.9642
8.73509 -20.9276
8.73922 -20.8909
8.74333 -20.8542
8.74745 -20.8175
8.75155 -20.7808
8.75565 -20.744
8.75975 -20.7073
8.76384 -20.6705
8.76792 -20.6337
8.772 -20.5969
8.77607 -20.5601
8.78014 -20.5233
8.7842 -20.4865
8.78825 -20.4496
8.7923 -20.4128
8.79634 -20.3759
8.80038 -20.339
8.80441 -20.3021
8.80843 -20.2652
8.81245 -20.2283
8.81647 -20.1913
8.82047 -20.1544
8.82447 -20.1174
8.82847 -20.0804
8.83245 -20.0434
8.83643 -20.0064
8.84041 -19.9694
8.84438 -19.9323
8.84834 -19.8953
8.85229 -19.8582
8.85624 -19.8211
8.86018 -19.784
8.86412 -19.7469
8.86805 -19.7098
8.87197 -19.6726
8.87589 -19.6355
8.87979 -19.5983
8.8837 -19.5611
8.88759 -19.5239
8.89148 -19.4867
8.89536 -19.4494
8.89923 -19.4122
8.9031 -19.3749
8.90696 -19.3376
8.91081 -19.3003
8.91466 -19.263
8.91849 -19.2257
8.92232 -19.1883
8.92615 -19.151
8.92996 -19.1136
8.93377 -19.0762
8.93757 -19.0388
8.94137 -19.0014
8.94137 -19.0014
8.97262 -19.0223
9.00387 -19.0432
9.03511 -19.0641
9.06634 -19.085
9.09757 -19.1059
9.12878 -19.1267
9.15999 -19.1476
9.1912 -19.1684
9.22239 -19.1892
9.25358 -19.21
9.28476 -19.2308
9.31593 -19.2515
9.3471 -19.2723
9.37826 -19.293
9.40941 -19.3137
9.44055 -19.3344
9.47169 -19.3551
9.50282 -19.3758
9.53394 -19.3964
9.56505 -19.4171
9.59616 -19.4377
9.62726 -19.4583
9.65835 -19.4789
9.68944 -19.4995
9.72052 -19.5201
9.75159 -19.5406
9.78265 -19.5612
9.81371 -19.5817
9.84476 -19.6022
9.8758 -19.6227
9.90684 -19.6432
9.93787 -19.6636
9.96889 -19.6841
9.99991 -19.7045
10.0309 -19.725
10.0619 -19.7454
10.0929 -19.7658
10.1239 -19.7862
10.1549 -19.8066
10.1859 -19.8269
10.2168 -19.8473
10.2478 -19.8676
10.2787 -19.8879
10.3097 -19.9082
10.3406 -19.9285
10.3716 -19.9488
10.4025 -19.9691
10.4334 -19.9893
10.4643 -20.0096
10.4952 -20.0298
10.5261 -20.05
10.557 -20.0702
10.5879 -20.0904
10.6188 -20.1106
10.6497 -20.1308
10.6805 -20.1509
10.7114 -20.1711
10.7422 -20.1912
10.7731 -20.2113
10.8039 -20.2314
10.8348 -20.2515
10.8594 -20.2749
10.8879 -20.2597
10.9163 -20.2444
10.9446 -20.2291
10.973 -20.2137
11.0013 -20.1983
11.0297 -20.1828
11.058 -20.1673
11.0862 -20.1518
11.1145 -20.1362
11.1427 -20.1206
11.1709 -20.105
11.1991 -20.0893
11.2273 -20.0736
11.2554 -20.0578
11.2835 -20.042
11.3116 -20.0262
11.3397 -20.0103
11.3678 -19.9943
11.3958 -19.9784
11.4238 -19.9624
11.4518 -19.9463
11.4798 -19.9303
11.5077 -19.9141
11.5356 -19.898
11.5635 -19.8818
11.5914 -19.8655
11.6192 -19.8493
11.6471 -19.8329
11.6749 -19.8166
11.7027 -19.8002
11.7304 -19.7838
11.7582 -19.7673
11.7859 -19.7508
11.8136 -19.7342
11.8412 -19.7176
11.8689 -19.701
11.8965 -19.6844
11.9241 -19.6676
11.9517 -19.6509
11.9792 -19.6341
12.0067 -19.6173
12.0342 -19.6004
12.0617 -19.5835
12.0892 -19.5666
12.1166 -19.5496
12.144 -19.5326
12.1714 -19.5156
12.1987 -19.4985
12.2261 -19.4814
12.2534 -19.4642
12.2807 -19.447
12.3673 -19.392
12.3945 -19.3746
12.4216 -19.3572
12.4488 -19.3398
12.4759 -19.3223
12.503 -19.3048
12.53 -19.2872
12.5571 -19.2697
12.5841 -19.252
12.6111 -19.2344
12.6381 -19.2167
12.665 -19.1989
12.6919 -19.1811
12.7188 -19.1633
12.7457 -19.1454
12.7725 -19.1276
12.7993 -19.1096
12.8261 -19.0917
12.8529 -19.0736
12.8796 -19.0556
12.9063 -19.0375
12.933 -19.0194
12.9597 -19.0012
12.9863 -18.983
13.0129 -18.9648
13.0395 -18.9465
13.0661 -18.9282
13.0926 -18.9099
13.1191 -18.8915
13.1456 -18.8731
13.172 -18.8546
13.1985 -18.8361
13.2249 -18.8176
13.2513 -18.799
13.2776 -18.7804
13.3039 -18.7618
13.3302 -18.7431
13.3565 -18.7244
13.3828 -18.7057
13.409 -18.6869
13.4352 -18.668
13.4614 -18.6492
13.4875 -18.6303
13.5136 -18.6114
13.5397 -18.5924
13.5658 -18.5734
13.5918 -18.5543
13.6178 -18.5352
13.6438 -18.5161
13.6697 -18.497
13.6957 -18.4778
13.7216 -18.4586
13.7109 -18.4263
13.7059 -18.3898
13.7008 -18.3534
13.6957 -18.3169
13.6907 -18.2804
13.6856 -18.2439
13.6805 -18.2074
13.6754 -18.1708
13.6703 -18.1343
13.6651 -18.0978
13.66 -18.0612
13.6549 -18.0246
13.6497 -17.9881
13.6446 -17.9515
13.6394 -17.9149
13.6342 -17.8783
13.6291 -17.8416
13.6239 -17.805
13.6187 -17.7683
13.6135 -17.7317
13.6082 -17.695
13.603 -17.6583
13.5978 -17.6216
13.5925 -17.5849
13.5873 -17.5482
13.582 -17.5115
13.5767 -17.4747
13.5715 -17.438
13.5662 -17.4012
13.5609 -17.3644
13.5556 -17.3276
13.5502 -17.2908
13.5449 -17.254
13.5396 -17.2172
13.5342 -17.1803
13.5289 -17.1435
13.5235 -17.1066
13.5181 -17.0697
13.5127 -17.0329
13.5073 -16.996
13.5019 -16.959
13.4965 -16.9221
13.4911 -16.8852
13.4856 -16.8482
13.4802 -16.8112
13.4747 -16.7743
13.4692 -16.7373
13.4638 -16.7003
13.4583 -16.6632
13.4528 -16.6262
13.4473 -16.5892
13.4417 -16.5521
13.4362 -16.515
13.4307 -16.4779
13.4251 -16.4408
13.4195 -16.4037
13.414 -16.3666
13.4084 -16.3295
13.4028 -16.2923
13.3972 -16.2552
13.3915 -16.218
13.3859 -16.1808
13.3859 -16.1808
13.4214 -16.1933
13.4569 -16.2058
13.4923 -16.2182
13.5278 -16.2307
13.5632 -16.2432
13.5986 -16.2556
13.634 -16.268
13.6694 -16.2804
13.7048 -16.2928
13.7402 -16.3052
13.7756 -16.3176
13.8109 -16.3299
13.8463 -16.3423
13.8816 -16.3546
13.9169 -16.3669
13.9522 -16.3792
13.9875 -16.3915
14.0228 -16.4038
14.0581 -16.4161
14.0934 -16.4283
14.1286 -16.4406
14.1639 -16.4528
14.1991 -16.465
14.2344 -16.4772
14.2696 -16.4894
14.3048 -16.5016
14.34 -16.5138
14.3752 -16.5259
14.4103 -16.5381
14.4455 -16.5502
14.4807 -16.5623
14.5158 -16.5744
14.5509 -16.5865
14.5861 -16.5986
14.6212 -16.6107
14.6563 -16.6228
14.6914 -16.6348
14.7265 -16.6469
14.7615 -16.6589
14.7966 -16.6709
14.8317 -16.6829
14.8667 -16.6949
14.9017 -16.7069
14.9368 -16.7189
14.9718 -16.7308
15.0068 -16.7428
15.0418 -16.7547
15.0768 -16.7667
15.1117 -16.7786
15.1467 -16.7905
15.1817 -16.8024
15.2166 -16.8143
15.2516 -16.8262
15.2865 -16.838
15.3214 -16.8499
15.3563 -16.8617
15.3912 -16.8736
15.4261 -16.8854
15.461 -16.8972
15.4959 -16.909
15.5307 -16.9208
15.5604 -16.9373
15.5842 -16.9155
15.6079 -16.8936
15.6316 -16.8717
15.6552 -16.8498
15.6788 -16.8278
15.7024 -16.8058
15.726 -16.7837
15.7495 -16.7617
15.773 -16.7396
15.7964 -16.7174
15.8199 -16.6953
15.8433 -16.673
15.8666 -16.6508
15.89 -16.6285
15.9133 -16.6062
15.9366 -16.5839
15.9598 -16.5615
15.983 -16.5391
16.0062 -16.5167
16.0294 -16.4942
16.0525 -16.4717
16.0756 -16.4492
16.0986 -16.4266
16.1216 -16.4041
16.1446 -16.3814
16.1676 -16.3588
16.1905 -16.3361
16.2134 -16.3133
16.2363 -16.2906
16.2591 -16.2678
16.2819 -16.245
16.3047 -16.2221
16.3274 -16.1993
16.3501 -16.1763
16.3728 -16.1534
16.3954 -16.1304
16.418 -16.1074
16.4406 -16.0844
16.4631 -16.0613
16.4857 -16.0382
16.5081 -16.015
16.5306 -15.9919
16.553 -15.9687
16.5754 -15.9454
16.5977 -15.9222
16.62 -15.8989
16.6423 -15.8756
16.6646 -15.8522
16.6868 -15.8288
16.709 -15.8054
16.7311 -15.7819
16.8014 -15.7071
16.8234 -15.6836
16.8453 -15.66
16.8673 -15.6363
16.8892 -15.6126
16.9111 -15.5889
16.9329 -15.5652
16.9547 -15.5414
16.9765 -15.5176
16.9983 -15.4938
17.02 -15.47
17.0417 -15.4461
17.0633 -15.4222
17.0849 -15.3982
17.1065 -15.3742
17.1281 -15.3502
17.1496 -15.3262
17.171 -15.3021
17.1925 -15.278
17.2139 -15.2539
17.2353 -15.2297
17.2566 -15.2056
17.2779 -15.1813
17.2992 -15.1571
17.3204 -15.1328
17.3417 -15.1085
17.3628 -15.0842
17.384 -15.0598
17.4051 -15.0354
17.4261 -15.011
17.4472 -14.9865
17.4682 -14.962
17.4891 -14.9375
17.5101 -14.913
17.531 -14.8884
17.5518 -14.8638
17.5727 -14.8392
17.5935 -14.8145
17.6142 -14.7898
17.635 -14.7651
17.6556 -14.7404
17.6763 -14.7156
17.6969 -14.6908
17.7175 -14.6659
17.7381 -14.6411
17.7586 -14.6162
17.7791 -14.5913
17.7995 -14.5663
17.8199 -14.5413
17.8403 -14.5163
17.8606 -14.4913
17.8809 -14.4662
17.8626 -14.4376
17.8486 -14.4036
17.8347 -14.3695
17.8207 -14.3354
17.8067 -14.3013
17.7927 -14.2673
17.7787 -14.2332
17.7646 -14.1991
17.7506 -14.1649
17.7366 -14.1308
17.7225 -14.0967
17.7084 -14.0625
17.6943 -14.0284
17.6803 -13.9942
17.6661 -13.9601
17.652 -13.9259
17.6379 -13.8917
17.6238 -13.8575
17.6096 -13.8233
17.5955 -13.7891
17.5813 -13.7549
17.5671 -13.7206
17.5529 -13.6864
17.5387 -13.6521
17.5245 -13.6179
17.5102 -13.5836
17.496 -13.5493
17.4817 -13.515
17.4675 -13.4808
17.4532 -13.4464
17.4389 -13.4121
17.4246 -13.3778
17.4103 -13.3435
17.3959 -13.3091
17.3816 -13.2748
17.3672 -13.2404
17.3529 -13.206
17.3385 -13.1717
17.3241 -13.1373
17.3097 -13.1029
17.2953 -13.0684
17.2808 -13.034
17.2664 -12.9996
17.2519 -12.9652
17.2375 -12.9307
17.223 -12.8962
17.2085 -12.8618
17.194 -12.8273
17.1794 -12.7928
17.1649 -12.7583
17.1503 -12.7238
17.1358 -12.6893
17.1212 -12.6547
17.1066 -12.6202
17.092 -12.5856
17.0774 -12.5511
17.0627 -12.5165
17.0481 -12.4819
17.0334 -12.4473
17.0188 -12.4127
17.0041 -12.3781
16.9894 -12.3435
16.9894 -12.3435
17.0268 -12.3468
17.0643 -12.3501
17.1017 -12.3533
17.1392 -12.3566
17.1766 -12.3598
17.214 -12.3631
17.2514 -12.3663
17.2887 -12.3695
17.3261 -12.3727
17.3635 -12.3759
17.4008 -12.3791
17.4381 -12.3823
17.4754 -12.3854
17.5127 -12.3886
17.55 -12.3917
17.5872 -12.3949
17.6245 -12.398
17.6617 -12.4011
17.699 -12.4042
17.7362 -12.4073
17.7734 -12.4104
17.8105 -12.4135
17.8477 -12.4166
17.8849 -12.4196
17.922 -12.4227
17.9591 -12.4257
17.9963 -12.4287
18.0334 -12.4318
18.0705 -12.4348
18.1075 -12.4378
18.1446 -12.4408
18.1817 -12.4438
18.2187 -12.4468
18.2557 -12.4497
18.2927 -12.4527
18.3297 -12.4557
18.3667 -12.4586
18.4037 -12.4615
18.4407 -12.4645
18.4776 -12.4674
18.5146 -12.4703
18.5515 -12.4732
18.5884 -12.4761
18.6253 -12.479
18.6622 -12.4819
18.6991 -12.4847
18.7359 -12.4876
18.7728 -12.4905
18.8096 -12.4933
18.8465 -12.4962
18.8833 -12.499
18.9201 -12.5018
18.9569 -12.5046
18.9937 -12.5074
19.0304 -12.5102
19.0672 -12.513
19.104 -12.5158
19.1407 -12.5186
19.1774 -12.5214
19.2141 -12.5241
19.2508 -12.5269
19.2837 -12.5355
19.3013 -12.5084
19.3188 -12.4813
19.3363 -12.4542
19.3537 -12.4271
19.3711 -12.3999
19.3885 -12.3728
19.4059 -12.3456
19.4232 -12.3183
19.4404 -12.2911
19.4576 -12.2638
19.4748 -12.2365
19.492 -12.2092
19.5091 -12.1818
19.5261 -12.1544
19.5432 -12.127
19.5601 -12.0996
19.5771 -12.0722
19.594 -12.0447
19.6109 -12.0172
19.6277 -11.9897
19.6445 -11.9622
19.6613 -11.9346
19.678 -11.907
19.6947 -11.8794
19.7113 -11.8518
19.7279 -11.8241
19.7445 -11.7964
19.761 -11.7687
19.7775 -11.741
19.7939 -11.7132
19.8103 -11.6855
19.8267 -11.6577
19.843 -11.6299
19.8593 -11.602
19.8756 -11.5742
19.8918 -11.5463
19.908 -11.5184
19.9241 -11.4904
19.9402 -11.4625
19.9563 -11.4345
19.9723 -11.4065
19.9883 -11.3785
20.0042 -11.3504
20.0201 -11.3224
20.036 -11.2943
20.0518 -11.2662
20.0676 -11.238
20.0833 -11.2099
20.099 -11.1817
20.1147 -11.1535
20.1303 -11.1253
20.1797 -11.0354
20.1952 -11.007
20.2106 -10.9787
20.226 -10.9503
20.2413 -10.922
20.2566 -10.8936
20.2719 -10.8651
20.2871 -10.8367
20.3023 -10.8082
20.3174 -10.7798
20.3325 -10.7513
20.3476 -10.7227
20.3626 -10.6942
20.3776 -10.6656
20.3925 -10.637
20.4074 -10.6084
20.4223 -10.5798
20.4371 -10.5511
20.4518 -10.5224
20.4666 -10.4938
20.4813 -10.465
20.4959 -10.4363
20.5106 -10.4075
20.5251 -10.3788
20.5397 -10.35
20.5542 -10.3212
20.5686 -10.2923
20.583 -10.2635
20.5974 -10.2346
20.6117 -10.2057
20.626 -10.1768
20.6403 -10.1478
20.6545 -10.1189
20.6687 -10.0899
20.6828 -10.0609
20.6969 -10.0319
20.7109 -10.0028
20.725 -9.97377
20.7389 -9.9447
20.7529 -9.9156
20.7667 -9.88648
20.7806 -9.85735
20.7944 -9.82819
20.8082 -9.79902
20.8219 -9.76983
20.8356 -9.74061
20.8492 -9.71138
20.8628 -9.68213
20.8764 -9.65286
20.8899 -9.62357
20.9034 -9.59426
20.9168 -9.56494
20.8919 -9.54178
20.8699 -9.51227
20.8479 -9.48275
20.8259 -9.45323
20.8039 -9.4237
20.7818 -9.39416
20.7598 -9.36462
20.7377 -9.33507
20.7156 -9.30552
20.6935 -9.27596
20.6714 -9.2464
20.6493 -9.21683
20.6272 -9.18726
20.605 -9.15767
20.5829 -9.12809
20.5607 -9.09849
20.5385 -9.0689
20.5163 -9.03929
20.4941 -9.00968
20.4719 -8.98006
20.4496 -8.95044
20.4274 -8.92081
20.4051 -8.89118
20.3828 -8.86154
20.3605 -8.83189
20.3382 -8.80224
20.3159 -8.77258
20.2936 -8.74292
20.2712 -8.71325
20.2489 -8.68357
20.2265 -8.65389
20.2041 -8.6242
20.1817 -8.5945
20.1593 -8.5648
20.1368 -8.53509
20.1144 -8.50538
20.0919 -8.47566
20.0694 -8.44594
20.0469 -8.4162
20.0244 -8.38646
20.0019 -8.35672
19.9794 -8.32697
19.9568 -8.29721
19.9342 -8.26745
19.9116 -8.23768
19.889 -8.2079
19.8664 -8.17812
19.8438 -8.14833
19.8212 -8.11854
19.7985 -8.08874
19.7758 -8.05893
19.7531 -8.02911
19.7304 -7.99929
19.7077 -7.96947
19.6849 -7.93963
19.6622 -7.90979
19.6394 -7.87995
19.6166 -7.85009
19.5938 -7.82023
19.571 -7.79037
19.5482 -7.76049
19.5253 -7.73062
19.5253 -7.73062
19.5624 -7.72448
19.5995 -7.71834
19.6366 -7.71219
19.6737 -7.70603
19.7107 -7.69987
19.7477 -7.6937
19.7848 -7.68753
19.8218 -7.68135
19.8587 -7.67516
19.8957 -7.66897
19.9327 -7.66277
19.9696 -7.65657
20.0065 -7.65035
20.0434 -7.64414
20.0803 -7.63791
20.1172 -7.63168
20.154 -7.62545
20.1909 -7.61921
20.2277 -7.61296
20.2645 -7.60671
20.3013 -7.60045
20.3381 -7.59419
20.3749 -7.58792
20.4116 -7.58164
20.4484 -7.57536
20.4851 -7.56908
20.5218 -7.56278
20.5585 -7.55649
20.5951 -7.55018
20.6318 -7.54388
20.6685 -7.53756
20.7051 -7.53124
20.7417 -7.52492
20.7783 -7.51859
20.8149 -7.51226
20.8515 -7.50592
20.888 -7.49957
20.9246 -7.49322
20.9611 -7.48687
20.9976 -7.48051
21.0341 -7.47414
21.0706 -7.46777
21.1071 -7.4614
21.1436 -7.45502
21.18 -7.44863
21.2164 -7.44224
21.2529 -7.43585
21.2893 -7.42945
21.3257 -7.42304
21.362 -7.41663
21.3984 -7.41022
21.4348 -7.4038
21.4711 -7.39738
21.5074 -7.39095
21.5437 -7.38452
21.58 -7.37808
21.6163 -7.37164
21.6526 -7.3652
21.6889 -7.35875
21.7251 -7.35229
21.7613 -7.34584
21.7953 -7.34599
21.8056 -7.31541
21.8159 -7.28482
21.826 -7.25422
21.8362 -7.2236
21.8463 -7.19297
21.8564 -7.16232
21.8664 -7.13166
21.8764 -7.10098
21.8863 -7.07029
21.8962 -7.03959
21.9061 -7.00887
21.9159 -6.97814
21.9256 -6.9474
21.9354 -6.91664
21.945 -6.88587
21.9547 -6.85508
21.9643 -6.82429
21.9738 -6.79347
21.9833 -6.76265
21.9928 -6.73181
22.0022 -6.70096
22.0116 -6.67009
22.0209 -6.63921
22.0302 -6.60832
22.0395 -6.57742
22.0487 -6.5465
22.0578 -6.51557
22.0669 -6.48463
22.076 -6.45367
22.085 -6.4227
22.094 -6.39172
22.103 -6.36073
22.1119 -6.32972
22.1207 -6.2987
22.1295 -6.26767
22.1383 -6.23663
22.147 -6.20557
22.1557 -6.17451
22.1643 -6.14343
22.1729 -6.11233
22.1815 -6.08123
22.19 -6.05011
22.1985 -6.01899
22.2069 -5.98785
22.2153 -5.95669
22.2236 -5.92553
22.2319 -5.89436
22.2401 -5.86317
22.2483 -5.83197
22.2565 -5.80076
22.2646 -5.76954
22.2901 -5.67017
22.298 -5.6389
22.3059 -5.60762
22.3138 -5.57633
22.3216 -5.54503
22.3293 -5.51372
22.337 -5.48239
22.3447 -5.45106
22.3523 -5.41971
22.3599 -5.38836
22.3674 -5.35699
22.3749 -5.32562
22.3824 -5.29423
22.3898 -5.26283
22.3971 -5.23143
22.4045 -5.20001
22.4117 -5.16858
22.419 -5.13714
22.4261 -5.1057
22.4333 -5.07424
22.4404 -5.04277
22.4474 -5.01129
22.4544 -4.9798
22.4614 -4.9483
22.4683 -4.9168
22.4752 -4.88528
22.482 -4.85375
22.4888 -4.82222
22.4955 -4.79067
22.5022 -4.75912
22.5089 -4.72755
22.5155 -4.69598
22.5221 -4.66439
22.5286 -4.6328
22.5351 -4.6012
22.5415 -4.56959
22.5479 -4.53797
22.5542 -4.50634
22.5605 -4.4747
22.5668 -4.44306
22.573 -4.4114
22.5791 -4.37974
22.5853 -4.34807
22.5913 -4.31639
22.5974 -4.2847
22.6034 -4.253
22.6093 -4.2213
22.6152 -4.18958
22.6211 -4.15786
22.6269 -4.12613
22.6326 -4.09439
22.6384 -4.06264
22.6085 -4.0464
22.5798 -4.02328
22.5512 -4.00017
22.5225 -3.97705
22.4938 -3.95392
22.4652 -3.9308
22.4364 -3.90767
22.4077 -3.88454
22.379 -3.86141
22.3502 -3.83827
22.3215 -3.81514
22.2927 -3.792
22.2639 -3.76885
22.2351 -3.74571
22.2063 -3.72256
22.1774 -3.69941
22.1486 -3.67626
22.1197 -3.65311
22.0908 -3.62995
22.062 -3.60679
22.033 -3.58363
22.0041 -3.56047
21.9752 -3.5373
21.9462 -3.51413
21.9173 -3.49096
21.8883 -3.46779
21.8593 -3.44462
21.8303 -3.42144
21.8013 -3.39826
21.7722 -3.37507
21.7432 -3.35189
21.7141 -3.3287
21.685 -3.30551
21.6559 -3.28232
21.6268 -3.25913
21.5976 -3.23593
21.5685 -3.21273
21.5393 -3.18953
21.5101 -3.16632
21.4809 -3.14312
21.4517 -3.11991
21.4225 -3.0967
21.3933 -3.07349
21.364 -3.05027
21.3347 -3.02705
21.3054 -3.00383
21.2761 -2.98061
21.2468 -2.95739
21.2174 -2.93416
21.1881 -2.91093
21.1587 -2.8877
21.1293 -2.86446
21.0999 -2.84123
21.0705 -2.81799
21.041 -2.79475
21.0116 -2.7715
20.9821 -2.74826
20.9526 -2.72501
20.9231 -2.70176
20.8935 -2.67851
20.864 -2.65525
20.8344 -2.632
20.8344 -2.632
20.8688 -2.61682
20.9032 -2.60165
20.9376 -2.58647
20.972 -2.57129
21.0063 -2.55611
21.0407 -2.54093
21.075 -2.52574
21.1093 -2.51055
21.1436 -2.49536
21.1778 -2.48017
21.2121 -2.46498
21.2463 -2.44978
21.2805 -2.43458
21.3147 -2.41939
21.3489 -2.40418
21.3831 -2.38898
21.4172 -2.37377
21.4514 -2.35857
21.4855 -2.34336
21.5196 -2.32815
21.5537 -2.31294
21.5877 -2.29772
21.6218 -2.28251
21.6558 -2.26729
21.6898 -2.25207
21.7239 -2.23685
21.7578 -2.22163
21.7918 -2.2064
21.8258 -2.19118
21.8597 -2.17595
21.8936 -2.16072
21.9275 -2.14549
21.9614 -2.13026
21.9953 -2.11502
22.0292 -2.09979
22.063 -2.08455
22.0969 -2.06932
22.1307 -2.05408
22.1645 -2.03884
22.1983 -2.02359
22.2321 -2.00835
22.2658 -1.99311
22.2996 -1.97786
22.3333 -1.96261
22.367 -1.94736
22.4007 -1.93211
22.4344 -1.91686
22.4681 -1.90161
22.5017 -1.88636
22.5354 -1.8711
22.569 -1.85585
22.6026 -1.84059
22.6362 -1.82533
22.6698 -1.81007
22.7034 -1.79481
22.7369 -1.77955
22.7705 -1.76429
22.804 -1.74902
22.8375 -1.73376
22.871 -1.71849
22.9045 -1.70323
22.9375 -1.69492
22.9398 -1.66275
22.9421 -1.63057
22.9444 -1.5984
22.9466 -1.56621
22.9488 -1.53403
22.9509 -1.50184
22.953 -1.46965
22.955 -1.43746
22.957 -1.40526
22.959 -1.37306
22.9609 -1.34086
22.9627 -1.30866
22.9646 -1.27645
22.9663 -1.24424
22.968 -1.21203
22.9697 -1.17981
22.9714 -1.1476
22.9729 -1.11538
22.9745 -1.08316
22.976 -1.05093
22.9774 -1.01871
22.9788 -0.98648
22.9802 -0.954251
22.9815 -0.922019
22.9828 -0.889786
22.984 -0.857552
22.9852 -0.825315
22.9863 -0.793077
22.9874 -0.760837
22.9885 -0.728596
22.9895 -0.696354
22.9904 -0.66411
22.9913 -0.631864
22.9922 -0.599618
22.993 -0.56737
22.9938 -0.535121
22.9945 -0.502872
22.9952 -0.470621
22.9958 -0.438369
22.9964 -0.406116
22.997 -0.373863
22.9975 -0.341609
22.9979 -0.309354
22.9983 -0.277098
22.9987 -0.244843
22.999 -0.212586
22.9993 -0.180329
22.9995 -0.148072
22.9997 -0.115814
22.9998 -0.0835566
22.9999 -0.0512987
