23.25 0.0453362
23.2499 0.0770822
23.2497 0.108828
23.2496 0.140574
23.2494 0.172319
23.2491 0.204064
23.2488 0.235808
23.2485 0.267553
23.2481 0.299296
23.2476 0.331039
23.2472 0.362782
23.2467 0.394524
23.2461 0.426265
23.2455 0.458005
23.2448 0.489744
23.2442 0.521483
23.2434 0.553221
23.2426 0.584957
23.2418 0.616693
23.241 0.648427
23.24 0.68016
23.2391 0.711892
23.2381 0.743622
23.2371 0.775351
23.236 0.807079
23.2349 0.838805
23.2337 0.87053
23.2325 0.902253
23.2312 0.933974
23.2299 0.965693
23.2286 0.997411
23.2272 1.02913
23.2258 1.06084
23.2243 1.09255
23.2228 1.12426
23.2212 1.15597
23.2196 1.18768
23.218 1.21938
23.2163 1.25108
23.2146 1.28278
23.2128 1.31448
23.211 1.34617
23.2091 1.37786
23.2072 1.40955
23.2053 1.44124
23.2033 1.47292
23.2013 1.5046
23.1992 1.53628
23.1971 1.56795
23.1949 1.59963
23.1927 1.6313
23.1905 1.66296
23.1882 1.69463
23.1858 1.72629
23.1534 1.73435
23.1204 1.74937
23.0874 1.7644
23.0544 1.77942
23.0214 1.79444
22.9884 1.80946
22.9554 1.82448
22.9223 1.83949
22.8893 1.85451
22.8562 1.86953
22.8231 1.88454
22.79 1.89955
22.7569 1.91456
22.7238 1.92958
22.6906 1.94459
22.6575 1.95959
22.6243 1.9746
22.5911 1.98961
22.5579 2.00461
22.5247 2.01962
22.4915 2.03462
22.4583 2.04962
22.425 2.06462
22.3917 2.07962
22.3584 2.09461
22.3252 2.10961
22.2918 2.12461
22.2585 2.1396
22.2252 2.15459
22.1918 2.16958
22.1584 2.18457
22.1251 2.19956
22.0917 2.21454
22.0582 2.22953
22.0248 2.24451
21.9914 2.25949
21.9579 2.27447
21.9244 2.28945
21.8909 2.30442
21.8574 2.3194
21.8239 2.33437
21.7904 2.34934
21.7568 2.36431
21.7233 2.37928
21.6897 2.39425
21.6561 2.40921
21.6225 2.42418
21.5888 2.43914
21.5552 2.4541
21.5215 2.46906
21.4879 2.48401
21.4542 2.49897
21.4204 2.51392
21.3867 2.52887
21.353 2.54382
21.3192 2.55876
21.2854 2.57371
21.2516 2.58865
21.2178 2.60359
21.184 2.61853
21.1502 2.63347
21.1163 2.6484
21.0824 2.66333
21.0824 2.66333
21.1115 2.68622
21.1406 2.7091
21.1697 2.73199
21.1987 2.75487
21.2278 2.77775
21.2568 2.80062
21.2858 2.8235
21.3148 2.84637
21.3437 2.86924
21.3727 2.89211
21.4016 2.91498
21.4305 2.93784
21.4594 2.9607
21.4883 2.98356
21.5172 3.00642
21.546 3.02927
21.5749 3.05212
21.6037 3.07497
21.6325 3.09782
21.6613 3.12067
21.6901 3.14351
21.7188 3.16635
21.7476 3.18919
21.7763 3.21203
21.805 3.23486
21.8337 3.2577
21.8624 3.28053
21.8911 3.30336
21.9197 3.32618
21.9483 3.349
21.977 3.37183
22.0056 3.39465
22.0342 3.41746
22.0628 3.44028
22.0913 3.46309
22.1199 3.4859
22.1484 3.50871
22.1769 3.53151
22.2054 3.55431
22.2339 3.57712
22.2624 3.59991
22.2909 3.62271
22.3193 3.6455
22.3478 3.6683
22.3762 3.69108
22.4046 3.71387
22.433 3.73666
22.4614 3.75944
22.4897 3.78222
22.5181 3.805
22.5464 3.82777
22.5748 3.85055
22.6031 3.87332
22.6314 3.89609
22.6597 3.91885
22.6879 3.94162
22.7162 3.96438
22.7444 3.98714
22.7727 4.00989
22.8009 4.03265
22.8291 4.0554
22.8573 4.07815
22.8867 4.09403
22.8811 4.12527
22.8754 4.15651
22.8697 4.18774
22.864 4.21897
22.8582 4.25018
22.8524 4.28139
22.8465 4.31259
22.8406 4.34378
22.8347 4.37496
22.8287 4.40614
22.8226 4.4373
22.8166 4.46846
22.8104 4.49961
22.8043 4.53075
22.7981 4.56189
22.7918 4.59301
22.7855 4.62413
22.7792 4.65524
22.7728 4.68633
22.7664 4.71742
22.7599 4.74851
22.7534 4.77958
22.7469 4.81064
22.7403 4.8417
22.7337 4.87274
22.727 4.90378
22.7203 4.93481
22.7135 4.96582
22.7067 4.99683
22.6999 5.02783
22.693 5.05882
22.686 5.0898
22.6791 5.12077
22.6721 5.15174
22.665 5.18269
22.6579 5.21363
22.6508 5.24456
22.6436 5.27549
22.6364 5.3064
22.6291 5.3373
22.6218 5.3682
22.6144 5.39908
22.607 5.42995
22.5996 5.46081
22.5921 5.49167
22.5846 5.52251
22.577 5.55334
22.5694 5.58416
22.5618 5.61498
22.5541 5.64578
22.5464 5.67657
22.5386 5.70735
22.5308 5.73812
22.5082 5.82594
22.5003 5.85667
22.4922 5.88739
22.4842 5.91809
22.4761 5.94879
22.4679 5.97947
22.4598 6.01014
22.4515 6.0408
22.4433 6.07145
22.4349 6.10209
22.4266 6.13272
22.4182 6.16334
22.4098 6.19394
22.4013 6.22453
22.3928 6.25512
22.3842 6.28568
22.3756 6.31624
22.367 6.34679
22.3583 6.37732
22.3495 6.40785
22.3408 6.43836
22.332 6.46886
22.3231 6.49934
22.3142 6.52982
22.3053 6.56028
22.2963 6.59073
22.2873 6.62117
22.2782 6.65159
22.2691 6.682
22.26 6.7124
22.2508 6.74279
22.2416 6.77317
22.2323 6.80353
22.223 6.83388
22.2136 6.86422
22.2042 6.89454
22.1948 6.92485
22.1853 6.95515
22.1758 6.98544
22.1662 7.01571
22.1566 7.04597
22.147 7.07622
22.1373 7.10645
22.1276 7.13667
22.1178 7.16688
22.108 7.19707
22.0982 7.22725
22.0883 7.25742
22.0784 7.28757
22.0684 7.31771
22.0584 7.34784
22.0483 7.37795
22.0382 7.40805
22.0281 7.43813
21.9947 7.43787
21.959 7.44423
21.9233 7.45058
21.8876 7.45692
21.8519 7.46326
21.8162 7.4696
21.7805 7.47593
21.7447 7.48226
21.709 7.48858
21.6732 7.4949
21.6374 7.50121
21.6016 7.50752
21.5658 7.51383
21.53 7.52013
21.4942 7.52642
21.4583 7.53272
21.4225 7.539
21.3866 7.54529
21.3507 7.55156
21.3148 7.55784
21.2789 7.5641
21.243 7.57037
21.207 7.57663
21.1711 7.58288
21.1351 7.58913
21.0991 7.59537
21.0631 7.60161
21.0271 7.60785
20.9911 7.61407
20.9551 7.6203
20.919 7.62652
20.883 7.63273
20.8469 7.63894
20.8108 7.64514
20.7747 7.65134
20.7386 7.65754
20.7024 7.66372
20.6663 7.66991
20.6301 7.67608
20.5939 7.68226
20.5577 7.68842
20.5215 7.69458
20.4853 7.70074
20.4491 7.70689
20.4128 7.71303
20.3766 7.71917
20.3403 7.72531
20.304 7.73143
20.2677 7.73756
20.2314 7.74367
20.195 7.74978
20.1587 7.75589
20.1223 7.76199
20.0859 7.76808
20.0495 7.77417
20.0131 7.78025
19.9767 7.78632
19.9402 7.79239
19.9038 7.79846
19.8673 7.80451
19.8308 7.81056
19.7943 7.81661
19.7578 7.82265
19.7578 7.82265
19.7802 7.85205
19.8027 7.88145
19.8252 7.91084
19.8476 7.94023
19.8701 7.96961
19.8925 7.99898
19.9149 8.02835
19.9372 8.05771
19.9596 8.08707
19.982 8.11642
20.0043 8.14576
20.0266 8.1751
20.0489 8.20443
20.0712 8.23375
20.0935 8.26307
20.1158 8.29238
20.138 8.32169
20.1603 8.35099
20.1825 8.38028
20.2047 8.40957
20.2269 8.43885
20.249 8.46813
20.2712 8.4974
20.2933 8.52666
20.3155 8.55592
20.3376 8.58517
20.3597 8.61442
20.3818 8.64366
20.4039 8.67289
20.4259 8.70212
20.448 8.73134
20.47 8.76056
20.492 8.78977
20.514 8.81898
20.536 8.84818
20.558 8.87737
20.58 8.90656
20.6019 8.93574
20.6239 8.96492
20.6458 8.99409
20.6677 9.02325
20.6896 9.05241
20.7115 9.08156
20.7334 9.11071
20.7553 9.13985
20.7771 9.16899
20.7989 9.19812
20.8208 9.22724
20.8426 9.25636
20.8644 9.28548
20.8862 9.31459
20.9079 9.34369
20.9297 9.37278
20.9514 9.40188
20.9732 9.43096
20.9949 9.46004
21.0166 9.48912
21.0383 9.51819
21.06 9.54725
21.0817 9.57631
21.1033 9.60536
21.125 9.63441
21.1495 9.6571
21.1363 9.68597
21.1231 9.71482
21.1098 9.74365
21.0965 9.77247
21.0831 9.80126
21.0697 9.83004
21.0563 9.8588
21.0428 9.88754
21.0293 9.91627
21.0157 9.94497
21.0021 9.97366
20.9885 10.0023
20.9748 10.031
20.9611 10.0596
20.9473 10.0882
20.9335 10.1168
20.9197 10.1454
20.9058 10.1739
20.8919 10.2025
20.878 10.231
20.864 10.2595
20.8499 10.288
20.8359 10.3164
20.8218 10.3449
20.8076 10.3733
20.7934 10.4017
20.7792 10.4301
20.765 10.4584
20.7507 10.4868
20.7363 10.5151
20.7219 10.5434
20.7075 10.5717
20.6931 10.6
20.6786 10.6282
20.6641 10.6564
20.6495 10.6846
20.6349 10.7128
20.6202 10.741
20.6055 10.7691
20.5908 10.7972
20.5761 10.8254
20.5613 10.8534
20.5464 10.8815
20.5315 10.9095
20.5166 10.9376
20.5017 10.9656
20.4867 10.9936
20.4717 11.0215
20.4566 11.0495
20.4415 11.0774
20.4263 11.1053
20.4112 11.1332
20.3959 11.161
20.3523 11.2405
20.3369 11.2683
20.3215 11.296
20.306 11.3238
20.2906 11.3515
20.275 11.3792
20.2595 11.4068
20.2439 11.4345
20.2283 11.4621
20.2126 11.4897
20.1969 11.5173
20.1811 11.5449
20.1654 11.5724
20.1495 11.6
20.1337 11.6275
20.1178 11.6549
20.1018 11.6824
20.0859 11.7098
20.0699 11.7372
20.0538 11.7646
20.0377 11.792
20.0216 11.8194
20.0055 11.8467
19.9893 11.874
19.973 11.9013
19.9568 11.9285
19.9405 11.9558
19.9241 11.983
19.9077 12.0102
19.8913 12.0374
19.8749 12.0645
19.8584 12.0916
19.8418 12.1187
19.8253 12.1458
19.8087 12.1729
19.792 12.1999
19.7754 12.2269
19.7586 12.2539
19.7419 12.2809
19.7251 12.3078
19.7083 12.3347
19.6914 12.3616
19.6745 12.3885
19.6576 12.4154
19.6406 12.4422
19.6236 12.469
19.6066 12.4958
19.5895 12.5225
19.5724 12.5493
19.5552 12.576
19.538 12.6027
19.5208 12.6294
19.5035 12.656
19.4862 12.6826
19.4539 12.6741
19.4178 12.6713
19.3817 12.6686
19.3455 12.6659
19.3094 12.6631
19.2732 12.6604
19.237 12.6576
19.2008 12.6549
19.1646 12.6521
19.1284 12.6493
19.0922 12.6466
19.0559 12.6438
19.0197 12.641
18.9834 12.6382
18.9471 12.6354
18.9109 12.6325
18.8746 12.6297
18.8383 12.6269
18.8019 12.624
18.7656 12.6212
18.7293 12.6183
18.6929 12.6154
18.6565 12.6126
18.6202 12.6097
18.5838 12.6068
18.5474 12.6039
18.511 12.601
18.4745 12.5981
18.4381 12.5951
18.4016 12.5922
18.3652 12.5893
18.3287 12.5863
18.2922 12.5834
18.2557 12.5804
18.2192 12.5774
18.1827 12.5744
18.1461 12.5714
18.1096 12.5684
18.073 12.5654
18.0364 12.5624
17.9999 12.5594
17.9633 12.5563
17.9266 12.5533
17.89 12.5502
17.8534 12.5472
17.8167 12.5441
17.7801 12.541
17.7434 12.5379
17.7067 12.5348
17.67 12.5317
17.6333 12.5286
17.5965 12.5255
17.5598 12.5223
17.523 12.5192
17.4863 12.516
17.4495 12.5129
17.4127 12.5097
17.3759 12.5065
17.339 12.5033
17.3022 12.5001
17.2654 12.4969
17.2285 12.4937
17.1916 12.4904
17.1916 12.4904
17.2061 12.5245
17.2205 12.5586
17.235 12.5926
17.2494 12.6267
17.2638 12.6607
17.2782 12.6947
17.2926 12.7288
17.307 12.7628
17.3214 12.7968
17.3357 12.8307
17.3501 12.8647
17.3644 12.8987
17.3787 12.9326
17.393 12.9666
17.4073 13.0005
17.4216 13.0344
17.4358 13.0684
17.4501 13.1023
17.4643 13.1362
17.4785 13.1701
17.4927 13.2039
17.5069 13.2378
17.5211 13.2717
17.5353 13.3055
17.5495 13.3394
17.5636 13.3732
17.5777 13.407
17.5919 13.4408
17.606 13.4747
17.6201 13.5085
17.6342 13.5422
17.6483 13.576
17.6623 13.6098
17.6764 13.6435
17.6904 13.6773
17.7044 13.711
17.7185 13.7448
17.7325 13.7785
17.7465 13.8122
17.7605 13.8459
17.7744 13.8796
17.7884 13.9133
17.8023 13.947
17.8163 13.9807
17.8302 14.0143
17.8441 14.048
17.858 14.0816
17.8719 14.1153
17.8858 14.1489
17.8997 14.1825
17.9135 14.2161
17.9274 14.2497
17.9412 14.2833
17.9551 14.3169
17.9689 14.3505
17.9827 14.3841
17.9965 14.4176
18.0103 14.4512
18.0241 14.4847
18.0378 14.5183
18.0516 14.5518
18.0653 14.5853
18.0835 14.6134
18.0635 14.6381
18.0435 14.6627
18.0235 14.6873
18.0034 14.7119
17.9833 14.7365
17.9631 14.761
17.943 14.7856
17.9228 14.81
17.9025 14.8345
17.8822 14.8589
17.8619 14.8833
17.8416 14.9077
17.8212 14.9321
17.8008 14.9564
17.7804 14.9807
17.7599 15.0049
17.7394 15.0292
17.7189 15.0534
17.6983 15.0775
17.6777 15.1017
17.6571 15.1258
17.6364 15.1499
17.6157 15.174
17.595 15.198
17.5742 15.222
17.5534 15.246
17.5326 15.27
17.5117 15.2939
17.4908 15.3178
17.4699 15.3417
17.4489 15.3655
17.4279 15.3893
17.4069 15.4131
17.3858 15.4368
17.3647 15.4606
17.3436 15.4843
17.3224 15.5079
17.3012 15.5316
17.28 15.5552
17.2588 15.5788
17.2375 15.6023
17.2162 15.6258
17.1948 15.6493
17.1734 15.6728
17.152 15.6962
17.1306 15.7196
17.1091 15.743
17.0876 15.7664
17.066 15.7897
17.0444 15.813
17.0228 15.8362
17.0012 15.8594
16.9795 15.8826
16.9175 15.9487
16.8957 15.9718
16.8738 15.9949
16.852 16.0179
16.8301 16.0409
16.8082 16.0639
16.7862 16.0868
16.7642 16.1097
16.7422 16.1326
16.7202 16.1554
16.6981 16.1782
16.676 16.201
16.6539 16.2238
16.6317 16.2465
16.6095 16.2692
16.5873 16.2919
16.565 16.3145
16.5427 16.3371
16.5204 16.3597
16.498 16.3822
16.4757 16.4047
16.4533 16.4272
16.4308 16.4497
16.4083 16.4721
16.3858 16.4945
16.3633 16.5168
16.3407 16.5391
16.3181 16.5614
16.2955 16.5837
16.2728 16.6059
16.2501 16.6281
16.2274 16.6503
16.2047 16.6725
16.1819 16.6946
16.1591 16.7167
16.1362 16.7387
16.1134 16.7607
16.0905 16.7827
16.0675 16.8047
16.0446 16.8266
16.0216 16.8485
15.9986 16.8703
15.9755 16.8922
15.9524 16.914
15.9293 16.9357
15.9062 16.9575
15.883 16.9792
15.8598 17.0008
15.8366 17.0225
15.8133 17.0441
15.7901 17.0657
15.7667 17.0872
15.7434 17.1087
15.72 17.1302
15.6908 17.1139
15.6565 17.1023
15.6222 17.0906
15.5879 17.079
15.5535 17.0673
15.5192 17.0557
15.4848 17.044
15.4504 17.0324
15.4161 17.0207
15.3817 17.009
15.3473 16.9973
15.3129 16.9856
15.2785 16.9738
15.244 16.9621
15.2096 16.9504
15.1752 16.9386
15.1407 16.9268
15.1062 16.9151
15.0718 16.9033
15.0373 16.8915
15.0028 16.8797
14.9683 16.8678
14.9338 16.856
14.8993 16.8442
14.8647 16.8323
14.8302 16.8205
14.7957 16.8086
14.7611 16.7967
14.7265 16.7848
14.692 16.7729
14.6574 16.761
14.6228 16.7491
14.5882 16.7371
14.5536 16.7252
14.5189 16.7132
14.4843 16.7012
14.4496 16.6892
14.415 16.6772
14.3803 16.6652
14.3457 16.6532
14.311 16.6412
14.2763 16.6291
14.2416 16.6171
14.2068 16.605
14.1721 16.5929
14.1374 16.5809
14.1026 16.5687
14.0679 16.5566
14.0331 16.5445
13.9983 16.5324
13.9635 16.5202
13.9287 16.508
13.8939 16.4959
13.8591 16.4837
13.8243 16.4715
13.7894 16.4593
13.7546 16.447
13.7197 16.4348
13.6849 16.4225
13.65 16.4103
13.6151 16.398
13.5802 16.3857
13.5453 16.3734
13.5453 16.3734
13.5508 16.41
13.5563 16.4466
13.5619 16.4832
13.5674 16.5197
13.5729 16.5563
13.5784 16.5928
13.5838 16.6294
13.5893 16.6659
13.5948 16.7024
13.6002 16.7389
13.6057 16.7753
13.6111 16.8118
13.6165 16.8482
13.6219 16.8847
13.6273 16.9211
13.6327 16.9575
13.6381 16.9939
13.6434 17.0303
13.6488 17.0667
13.6542 17.103
13.6595 17.1394
13.6648 17.1757
13.6701 17.2121
13.6754 17.2484
13.6807 17.2847
13.686 17.321
13.6913 17.3572
13.6966 17.3935
13.7019 17.4298
13.7071 17.466
13.7123 17.5022
13.7176 17.5384
13.7228 17.5747
13.728 17.6108
13.7332 17.647
13.7384 17.6832
13.7436 17.7194
13.7488 17.7555
13.754 17.7916
13.7591 17.8278
13.7643 17.8639
13.7694 17.9
13.7746 17.9361
13.7797 17.9722
13.7848 18.0082
13.7899 18.0443
13.795 18.0803
13.8001 18.1164
13.8052 18.1524
13.8103 18.1884
13.8153 18.2244
13.8204 18.2604
13.8255 18.2964
13.8305 18.3324
13.8355 18.3683
13.8406 18.4043
13.8456 18.4402
13.8506 18.4761
13.8556 18.5121
13.8606 18.548
13.8656 18.5839
13.8706 18.6197
13.8811 18.6514
13.8557 18.6704
13.8302 18.6893
13.8046 18.7082
13.7791 18.727
13.7535 18.7458
13.7279 18.7645
13.7022 18.7833
13.6766 18.802
13.6509 18.8206
13.6252 18.8392
13.5994 18.8578
13.5737 18.8764
13.5479 18.8949
13.5221 18.9134
13.4962 18.9318
13.4704 18.9502
13.4445 18.9686
13.4186 18.9869
13.3926 19.0053
13.3667 19.0235
13.3407 19.0418
13.3147 19.06
13.2886 19.0781
13.2626 19.0962
13.2365 19.1143
13.2104 19.1324
13.1842 19.1504
13.1581 19.1684
13.1319 19.1863
13.1057 19.2043
13.0795 19.2221
13.0532 19.24
13.0269 19.2578
13.0006 19.2755
12.9743 19.2933
12.9479 19.311
12.9215 19.3286
12.8951 19.3463
12.8687 19.3639
12.8423 19.3814
12.8158 19.3989
12.7893 19.4164
12.7628 19.4338
12.7362 19.4513
12.7096 19.4686
12.6831 19.486
12.6564 19.5033
12.6298 19.5205
12.6031 19.5378
12.5764 19.5549
12.5497 19.5721
12.523 19.5892
12.4962 19.6063
12.4197 19.6549
12.3928 19.6718
12.366 19.6887
12.3391 19.7056
12.3121 19.7224
12.2852 19.7392
12.2582 19.756
12.2312 19.7727
12.2042 19.7894
12.1772 19.806
12.1501 19.8226
12.1231 19.8392
12.096 19.8557
12.0688 19.8722
12.0417 19.8887
12.0145 19.9051
11.9873 19.9215
11.9601 19.9378
11.9329 19.9542
11.9056 19.9704
11.8784 19.9867
11.8511 20.0029
11.8237 20.019
11.7964 20.0352
11.769 20.0512
11.7416 20.0673
11.7142 20.0833
11.6868 20.0993
11.6593 20.1152
11.6319 20.1311
11.6044 20.147
11.5768 20.1628
11.5493 20.1786
11.5217 20.1944
11.4942 20.2101
11.4665 20.2257
11.4389 20.2414
11.4113 20.257
11.3836 20.2725
11.3559 20.2881
11.3282 20.3036
11.3005 20.319
11.2727 20.3344
11.2449 20.3498
11.2171 20.3651
11.1893 20.3804
11.1615 20.3957
11.1336 20.4109
11.1057 20.4261
11.0778 20.4412
11.0499 20.4563
11.022 20.4714
10.994 20.4864
10.966 20.5014
10.9418 20.4784
10.9115 20.4586
10.8811 20.4388
10.8508 20.419
10.8204 20.3992
10.79 20.3793
10.7597 20.3595
10.7293 20.3396
10.6989 20.3198
10.6685 20.2999
10.6381 20.28
10.6077 20.2601
10.5772 20.2402
10.5468 20.2202
10.5164 20.2003
10.4859 20.1803
10.4555 20.1604
10.4251 20.1404
10.3946 20.1204
10.3641 20.1004
10.3337 20.0804
10.3032 20.0604
10.2727 20.0403
10.2422 20.0203
10.2117 20.0002
10.1812 19.9801
10.1507 19.96
10.1202 19.9399
10.0897 19.9198
10.0591 19.8997
10.0286 19.8795
9.99805 19.8594
9.9675 19.8392
9.93695 19.819
9.90639 19.7988
9.87582 19.7786
9.84524 19.7584
9.81466 19.7382
9.78407 19.7179
9.75347 19.6976
9.72287 19.6774
9.69225 19.6571
9.66164 19.6368
9.63101 19.6164
9.60038 19.5961
9.56974 19.5758
9.5391 19.5554
9.50845 19.535
9.47779 19.5146
9.44712 19.4942
9.41645 19.4738
9.38577 19.4534
9.35508 19.4329
9.32438 19.4124
9.29368 19.392
9.26297 19.3715
9.23226 19.351
9.20153 19.3304
9.1708 19.3099
9.14007 19.2893
9.10932 19.2688
9.07857 19.2482
9.04781 19.2276
9.04781 19.2276
9.04408 19.2644
9.04034 19.3012
9.03659 19.338
9.03284 19.3748
9.02907 19.4116
9.0253 19.4483
9.02153 19.4851
9.01775 19.5218
9.01396 19.5585
9.01016 19.5952
9.00636 19.6319
9.00255 19.6686
8.99873 19.7052
8.99491 19.7418
8.99108 19.7785
8.98724 19.8151
8.9834 19.8517
8.97955 19.8882
8.97569 19.9248
8.97183 19.9614
8.96796 19.9979
8.96408 20.0344
8.9602 20.0709
8.95631 20.1074
8.95242 20.1439
8.94852 20.1804
8.94461 20.2168
8.9407 20.2533
8.93678 20.2897
8.93285 20.3261
8.92892 20.3625
8.92498 20.3989
8.92104 20.4352
8.91709 20.4716
8.91314 20.5079
8.90918 20.5443
8.90521 20.5806
8.90124 20.6169
8.89726 20.6532
8.89328 20.6894
8.88929 20.7257
8.88529 20.7619
8.88129 20.7982
8.87728 20.8344
8.87327 20.8706
8.86925 20.9068
8.86523 20.943
8.8612 20.9792
8.85717 21.0153
8.85313 21.0515
8.84909 21.0876
8.84504 21.1237
8.84098 21.1598
8.83692 21.1959
8.83286 21.232
8.82878 21.2681
8.82471 21.3041
8.82063 21.3402
8.81654 21.3762
8.81245 21.4122
8.80835 21.4482
8.80425 21.4842
8.80661 21.5176
8.77722 21.5296
8.74782 21.5415
8.71839 21.5535
8.68896 21.5654
8.6595 21.5772
8.63003 21.589
8.60055 21.6008
8.57104 21.6125
8.54153 21.6242
8.51199 21.6358
8.48244 21.6474
8.45288 21.659
8.42329 21.6705
8.3937 21.682
8.36408 21.6934
8.33446 21.7048
8.30481 21.7162
8.27515 21.7275
8.24548 21.7388
8.21579 21.75
8.18608 21.7612
8.15636 21.7724
8.12663 21.7835
8.09687 21.7946
8.06711 21.8056
8.03733 21.8166
8.00753 21.8276
7.97772 21.8385
7.94789 21.8493
7.91805 21.8602
7.8882 21.871
7.85833 21.8817
7.82844 21.8924
7.79854 21.9031
7.76863 21.9137
7.7387 21.9243
7.70875 21.9348
7.6788 21.9454
7.64883 21.9558
7.61884 21.9662
7.58884 21.9766
7.55883 21.987
7.5288 21.9973
7.49875 22.0075
7.4687 22.0177
7.43863 22.0279
7.40854 22.0381
7.37844 22.0482
7.34833 22.0582
7.31821 22.0682
7.28807 22.0782
7.25792 22.0881
7.22775 22.098
7.14151 22.126
7.1113 22.1358
7.08106 22.1455
7.05082 22.1551
7.02056 22.1647
6.99029 22.1743
6.96001 22.1838
6.92971 22.1933
6.8994 22.2027
6.86908 22.2121
6.83874 22.2215
6.8084 22.2308
6.77804 22.2401
6.74766 22.2493
6.71728 22.2585
6.68688 22.2676
6.65647 22.2768
6.62604 22.2858
6.59561 22.2949
6.56516 22.3038
6.5347 22.3128
6.50423 22.3217
6.47374 22.3305
6.44325 22.3394
6.41274 22.3481
6.38222 22.3569
6.35168 22.3656
6.32114 22.3742
6.29058 22.3828
6.26002 22.3914
6.22944 22.3999
6.19885 22.4084
6.16824 22.4169
6.13763 22.4253
6.107 22.4336
6.07637 22.4419
6.04572 22.4502
6.01506 22.4584
5.98439 22.4666
5.95371 22.4748
5.92301 22.4829
5.89231 22.491
5.86159 22.499
5.83087 22.507
5.80013 22.5149
5.76938 22.5228
5.73862 22.5307
5.70785 22.5385
5.67707 22.5462
5.64628 22.554
5.61548 22.5617
5.58467 22.5693
5.55385 22.5769
5.52302 22.5845
5.50533 22.5561
5.48085 22.5294
5.45637 22.5027
5.43189 22.476
5.4074 22.4492
5.38292 22.4224
5.35843 22.3957
5.33393 22.3689
5.30943 22.3421
5.28493 22.3153
5.26043 22.2884
5.23592 22.2616
5.21141 22.2347
5.1869 22.2079
5.16238 22.181
5.13786 22.1541
5.11334 22.1272
5.08881 22.1003
5.06428 22.0733
5.03975 22.0464
5.01522 22.0194
4.99068 21.9924
4.96614 21.9654
4.94159 21.9384
4.91704 21.9114
4.89249 21.8844
4.86794 21.8573
4.84338 21.8303
4.81882 21.8032
4.79426 21.7761
4.76969 21.749
4.74512 21.7219
4.72054 21.6948
4.69597 21.6676
4.67139 21.6404
4.6468 21.6133
4.62222 21.5861
4.59763 21.5589
4.57304 21.5316
4.54844 21.5044
4.52384 21.4771
4.49924 21.4499
4.47463 21.4226
4.45003 21.3953
4.42541 21.368
4.4008 21.3406
4.37618 21.3133
4.35156 21.2859
4.32693 21.2586
4.30231 21.2312
4.27768 21.2038
4.25304 21.1763
4.2284 21.1489
4.20376 21.1214
4.17912 21.094
4.15447 21.0665
4.12982 21.039
4.10517 21.0115
4.08051 20.9839
4.05585 20.9564
4.03119 20.9288
4.00652 20.9012
3.98185 20.8736
3.98185 20.8736
3.96908 20.9084
3.9563 20.9431
3.94352 20.9778
3.93073 21.0125
3.91794 21.0472
3.90515 21.0818
3.89236 21.1165
3.87956 21.1511
3.86676 21.1857
3.85396 21.2203
3.84115 21.2549
3.82834 21.2895
3.81553 21.324
3.80272 21.3586
3.7899 21.3931
3.77708 21.4276
3.76426 21.4621
3.75143 21.4965
3.7386 21.531
3.72577 21.5654
3.71294 21.5999
3.7001 21.6343
3.68726 21.6687
3.67442 21.7031
3.66158 21.7374
3.64873 21.7718
3.63588 21.8061
3.62303 21.8404
3.61018 21.8747
3.59732 21.909
3.58446 21.9433
3.5716 21.9776
3.55873 22.0118
3.54587 22.046
3.533 22.0802
3.52013 22.1144
3.50726 22.1486
3.49438 22.1828
3.4815 22.217
3.46862 22.2511
3.45574 22.2852
3.44286 22.3194
3.42997 22.3535
3.41708 22.3875
3.40419 22.4216
3.3913 22.4557
3.3784 22.4897
3.36551 22.5238
3.35261 22.5578
3.3397 22.5918
3.3268 22.6258
3.3139 22.6598
3.30099 22.6937
3.28808 22.7277
3.27517 22.7616
3.26226 22.7955
3.24934 22.8294
3.23642 22.8633
3.22351 22.8972
3.21059 22.9311
3.19766 22.965
3.18474 22.9988
3.17873 23.0317
3.14728 23.036
3.11582 23.0403
3.08436 23.0445
3.05289 23.0487
3.02142 23.0528
2.98994 23.0569
2.95845 23.061
2.92696 23.065
2.89547 23.069
2.86396 23.0729
2.83246 23.0768
2.80094 23.0807
2.76943 23.0845
2.7379 23.0882
2.70638 23.0919
2.67484 23.0956
2.64331 23.0993
2.61176 23.1028
2.58022 23.1064
2.54866 23.1099
2.51711 23.1133
2.48554 23.1168
2.45398 23.1201
2.42241 23.1235
2.39083 23.1267
2.35925 23.13
2.32767 23.1332
2.29608 23.1363
2.26449 23.1395
2.23289 23.1425
2.20129 23.1456
2.16968 23.1485
2.13807 23.1515
2.10646 23.1544
2.07484 23.1572
2.04322 23.16
2.0116 23.1628
1.97997 23.1655
1.94833 23.1682
1.9167 23.1709
1.88506 23.1735
1.85341 23.176
1.82177 23.1785
1.79012 23.181
1.75846 23.1834
1.72681 23.1858
1.69515 23.1881
1.66348 23.1904
1.63182 23.1927
1.60015 23.1949
1.56848 23.197
1.5368 23.1992
1.50512 23.2012
1.41463 23.2069
1.38294 23.2088
1.35125 23.2107
1.31956 23.2125
1.28786 23.2143
1.25616 23.216
1.22446 23.2177
1.19276 23.2194
1.16105 23.221
1.12935 23.2226
1.09764 23.2241
1.06592 23.2256
1.03421 23.227
1.00249 23.2284
0.970778 23.2297
0.939058 23.231
0.907337 23.2323
0.875615 23.2335
0.84389 23.2347
0.812164 23.2358
0.780437 23.2369
0.748708 23.2379
0.716978 23.2389
0.685246 23.2399
0.653513 23.2408
0.621779 23.2417
0.590044 23.2425
0.558308 23.2433
0.52657 23.244
0.494832 23.2447
0.463093 23.2454
0.431353 23.246
0.399612 23.2466
0.36787 23.2471
0.336128 23.2476
0.304385 23.248
0.272641 23.2484
0.240897 23.2488
0.209152 23.2491
0.177407 23.2493
0.145662 23.2495
0.113917 23.2497
0.0821708 23.2499
0.0504249 23.2499
0.0186789 23.25
-0.0130671 23.25
-0.0448131 23.25
-0.076559 23.2499
-0.108305 23.2497
-0.14005 23.2496
-0.171796 23.2494
-0.203541 23.2491
-0.235285 23.2488
-0.26703 23.2485
-0.277113 23.2166
-0.294177 23.1846
-0.311241 23.1527
-0.328305 23.1207
-0.345368 23.0887
-0.362432 23.0567
-0.379495 23.0247
-0.396558 22.9926
-0.413621 22.9606
-0.430683 22.9285
-0.447745 22.8964
-0.464807 22.8643
-0.481869 22.8322
-0.49893 22.8001
-0.515992 22.768
-0.533052 22.7358
-0.550113 22.7037
-0.567173 22.6715
-0.584233 22.6393
-0.601292 22.6071
-0.618351 22.5749
-0.63541 22.5426
-0.652468 22.5104
-0.669526 22.4781
-0.686583 22.4459
-0.70364 22.4136
-0.720697 22.3813
-0.737753 22.3489
-0.754808 22.3166
-0.771863 22.2843
-0.788918 22.2519
-0.805972 22.2195
-0.823025 22.1871
-0.840078 22.1547
-0.85713 22.1223
-0.874182 22.0899
-0.891233 22.0574
-0.908284 22.0249
-0.925334 21.9924
-0.942383 21.9599
-0.959431 21.9274
-0.976479 21.8949
-0.993526 21.8624
-1.01057 21.8298
-1.02762 21.7972
-1.04466 21.7646
-1.06171 21.732
-1.07875 21.6994
-1.09579 21.6668
-1.11284 21.6341
-1.12988 21.6014
-1.14692 21.5687
-1.16396 21.536
-1.181 21.5033
-1.19803 21.4706
-1.21507 21.4378
-1.23211 21.405
-1.24914 21.3723
-1.26617 21.3395
-1.28321 21.3066
-1.30024 21.2738
-1.31727 21.2409
-1.3343 21.2081
-1.3343 21.2081
-1.35531 21.2385
-1.37633 21.269
-1.39734 21.2995
-1.41835 21.3299
-1.43936 21.3603
-1.46037 21.3907
-1.48138 21.4211
-1.50239 21.4514
-1.5234 21.4818
-1.5444 21.5121
-1.56541 21.5424
-1.58641 21.5727
-1.60741 21.603
-1.62841 21.6332
-1.64941 21.6635
-1.67041 21.6937
-1.6914 21.7239
-1.7124 21.7541
-1.73339 21.7843
-1.75439 21.8145
-1.77538 21.8446
-1.79637 21.8748
-1.81736 21.9049
-1.83835 21.935
-1.85933 21.9651
-1.88032 21.9952
-1.9013 22.0252
-1.92229 22.0553
-1.94327 22.0853
-1.96425 22.1153
-1.98523 22.1453
-2.0062 22.1753
-2.02718 22.2053
-2.04816 22.2352
-2.06913 22.2652
-2.0901 22.2951
-2.11107 22.325
-2.13204 22.3549
-2.15301 22.3848
-2.17398 22.4147
-2.19494 22.4445
-2.21591 22.4744
-2.23687 22.5042
-2.25783 22.534
-2.27879 22.5638
-2.29975 22.5936
-2.3207 22.6233
-2.34166 22.6531
-2.36261 22.6828
-2.38357 22.7126
-2.40452 22.7423
-2.42547 22.772
-2.44642 22.8017
-2.46736 22.8313
-2.48831 22.861
-2.50925 22.8907
-2.53019 22.9203
-2.55113 22.9499
-2.57207 22.9795
-2.59301 23.0091
-2.61395 23.0387
-2.63488 23.0683
-2.64888 23.0986
-2.68042 23.095
-2.71195 23.0913
-2.74348 23.0876
-2.775 23.0838
-2.80652 23.08
-2.83803 23.0761
-2.86953 23.0722
-2.90103 23.0683
-2.93253 23.0643
-2.96402 23.0603
-2.9955 23.0562
-3.02698 23.0521
-3.05845 23.048
-3.08992 23.0438
-3.12138 23.0395
-3.15284 23.0352
-3.18429 23.0309
-3.21573 23.0265
-3.24717 23.0221
-3.2786 23.0177
-3.31003 23.0132
-3.34145 23.0086
-3.37286 23.004
-3.40427 22.9994
-3.43567 22.9948
-3.46706 22.99
-3.49845 22.9853
-3.52983 22.9805
-3.56121 22.9756
-3.59257 22.9708
-3.62394 22.9658
-3.65529 22.9609
-3.68664 22.9559
-3.71798 22.9508
-3.74931 22.9457
-3.78064 22.9406
-3.81196 22.9354
-3.84327 22.9301
-3.87458 22.9249
-3.90588 22.9196
-3.93717 22.9142
-3.96845 22.9088
-3.99973 22.9034
-4.031 22.8979
-4.06226 22.8924
-4.09351 22.8868
-4.12476 22.8812
-4.156 22.8755
-4.18723 22.8698
-4.21845 22.8641
-4.24967 22.8583
-4.28087 22.8525
-4.31207 22.8466
-4.40114 22.8296
-4.43231 22.8236
-4.46347 22.8175
-4.49462 22.8114
-4.52576 22.8053
-4.5569 22.7991
-4.58802 22.7928
-4.61914 22.7865
-4.65025 22.7802
-4.68135 22.7738
-4.71244 22.7674
-4.74352 22.761
-4.7746 22.7545
-4.80566 22.7479
-4.83672 22.7413
-4.86777 22.7347
-4.8988 22.728
-4.92983 22.7213
-4.96085 22.7146
-4.99186 22.7078
-5.02286 22.701
-5.05385 22.6941
-5.08484 22.6872
-5.11581 22.6802
-5.14677 22.6732
-5.17773 22.6661
-5.20867 22.659
-5.23961 22.6519
-5.27053 22.6447
-5.30144 22.6375
-5.33235 22.6303
-5.36324 22.623
-5.39413 22.6156
-5.425 22.6082
-5.45587 22.6008
-5.48672 22.5933
-5.51757 22.5858
-5.5484 22.5783
-5.57922 22.5707
-5.61004 22.563
-5.64084 22.5553
-5.67163 22.5476
-5.70241 22.5399
-5.73319 22.532
-5.76395 22.5242
-5.7947 22.5163
-5.82543 22.5084
-5.85616 22.5004
-5.88688 22.4924
-5.91759 22.4843
-5.94828 22.4762
-5.97896 22.4681
-6.00964 22.4599
-6.0403 22.4517
-6.04214 22.4183
-6.05072 22.3831
-6.0593 22.3479
-6.06787 22.3127
-6.07644 22.2774
-6.08501 22.2422
-6.09357 22.2069
-6.10213 22.1716
-6.11069 22.1363
-6.11924 22.101
-6.12779 22.0657
-6.13633 22.0304
-6.14487 21.9951
-6.15341 21.9597
-6.16194 21.9243
-6.17047 21.889
-6.179 21.8536
-6.18752 21.8182
-6.19604 21.7827
-6.20455 21.7473
-6.21307 21.7119
-6.22157 21.6764
-6.23008 21.6409
-6.23857 21.6054
-6.24707 21.5699
-6.25556 21.5344
-6.26405 21.4989
-6.27253 21.4633
-6.28101 21.4278
-6.28948 21.3922
-6.29795 21.3566
-6.30642 21.321
-6.31488 21.2854
-6.32334 21.2498
-6.33179 21.2141
-6.34024 21.1785
-6.34869 21.1428
-6.35713 21.1071
-6.36556 21.0714
-6.37399 21.0357
-6.38242 20.9999
-6.39084 20.9642
-6.39926 20.9284
-6.40767 20.8927
-6.41608 20.8569
-6.42449 20.8211
-6.43289 20.7852
-6.44128 20.7494
-6.44967 20.7135
-6.45806 20.6777
-6.46644 20.6418
-6.47481 20.6059
-6.48318 20.57
-6.49155 20.534
-6.49991 20.4981
-6.50826 20.4621
-6.51661 20.4262
-6.52496 20.3902
-6.5333 20.3542
-6.54164 20.3181
-6.54997 20.2821
-6.55829 20.246
-6.56661 20.21
-6.56661 20.21
-6.59455 20.2342
-6.62248 20.2585
-6.6504 20.2828
-6.67832 20.307
-6.70623 20.3313
-6.73414 20.3555
-6.76204 20.3797
-6.78994 20.4039
-6.81783 20.428
-6.84572 20.4522
-6.8736 20.4763
-6.90148 20.5004
-6.92935 20.5245
-6.95722 20.5486
-6.98508 20.5727
-7.01294 20.5968
-7.04079 20.6208
-7.06864 20.6448
-7.09648 20.6688
-7.12431 20.6928
-7.15214 20.7168
-7.17997 20.7408
-7.20779 20.7648
-7.23561 20.7887
-7.26342 20.8126
-7.29122 20.8365
-7.31902 20.8604
-7.34682 20.8843
-7.37461 20.9082
-7.40239 20.932
-7.43018 20.9559
-7.45795 20.9797
-7.48572 21.0035
-7.51349 21.0273
-7.54125 21.0511
-7.569 21.0749
-7.59675 21.0986
-7.6245 21.1224
-7.65224 21.1461
-7.67998 21.1698
-7.70771 21.1935
-7.73543 21.2172
-7.76316 21.2409
-7.79087 21.2645
-7.81858 21.2882
-7.84629 21.3118
-7.87399 21.3355
-7.90169 21.3591
-7.92938 21.3827
-7.95707 21.4062
-7.98475 21.4298
-8.01243 21.4534
-8.0401 21.4769
-8.06777 21.5005
-8.09543 21.524
-8.12309 21.5475
-8.15075 21.571
-8.1784 21.5945
-8.20604 21.6179
-8.23368 21.6414
-8.26132 21.6648
-8.28895 21.6883
-8.31005 21.7142
-8.33969 21.7028
-8.36932 21.6914
-8.39893 21.68
-8.42853 21.6685
-8.4581 21.6569
-8.48767 21.6454
-8.51721 21.6338
-8.54674 21.6221
-8.57626 21.6104
-8.60576 21.5987
-8.63524 21.5869
-8.66471 21.5751
-8.69416 21.5633
-8.7236 21.5514
-8.75301 21.5394
-8.78242 21.5275
-8.8118 21.5155
-8.84117 21.5034
-8.87052 21.4913
-8.89986 21.4792
-8.92918 21.467
-8.95848 21.4548
-8.98777 21.4425
-9.01704 21.4302
-9.04629 21.4179
-9.07553 21.4055
-9.10475 21.3931
-9.13395 21.3807
-9.16314 21.3682
-9.1923 21.3557
-9.22145 21.3431
-9.25059 21.3305
-9.2797 21.3178
-9.3088 21.3051
-9.33789 21.2924
-9.36695 21.2796
-9.396 21.2668
-9.42503 21.254
-9.45404 21.2411
-9.48303 21.2282
-9.51201 21.2152
-9.54097 21.2022
-9.56991 21.1891
-9.59883 21.176
-9.62774 21.1629
-9.65662 21.1498
-9.68549 21.1365
-9.71434 21.1233
-9.74318 21.11
-9.77199 21.0967
-9.80079 21.0833
-9.82957 21.0699
-9.85833 21.0565
-9.94037 21.0179
-9.96906 21.0043
-9.99773 20.9907
-10.0264 20.977
-10.055 20.9633
-10.0836 20.9495
-10.1122 20.9357
-10.1408 20.9219
-10.1694 20.9081
-10.1979 20.8941
-10.2264 20.8802
-10.2549 20.8662
-10.2834 20.8522
-10.3119 20.8381
-10.3403 20.824
-10.3687 20.8099
-10.3971 20.7957
-10.4255 20.7815
-10.4539 20.7673
-10.4822 20.753
-10.5106 20.7386
-10.5389 20.7243
-10.5672 20.7098
-10.5954 20.6954
-10.6237 20.6809
-10.6519 20.6664
-10.6801 20.6518
-10.7083 20.6372
-10.7365 20.6226
-10.7646 20.6079
-10.7927 20.5932
-10.8208 20.5784
-10.8489 20.5636
-10.877 20.5488
-10.9051 20.5339
-10.9331 20.519
-10.9611 20.5041
-10.9891 20.4891
-11.017 20.4741
-11.045 20.459
-11.0729 20.4439
-11.1008 20.4288
-11.1287 20.4136
-11.1566 20.3984
-11.1844 20.3831
-11.2122 20.3678
-11.24 20.3525
-11.2678 20.3371
-11.2956 20.3217
-11.3233 20.3063
-11.351 20.2908
-11.3787 20.2753
-11.4064 20.2597
-11.434 20.2441
-11.4275 20.2114
-11.4271 20.1751
-11.4266 20.1389
-11.4262 20.1026
-11.4257 20.0664
-11.4252 20.0301
-11.4248 19.9938
-11.4243 19.9575
-11.4238 19.9212
-11.4233 19.8849
-11.4228 19.8486
-11.4223 19.8122
-11.4218 19.7759
-11.4212 19.7395
-11.4207 19.7031
-11.4202 19.6667
-11.4196 19.6303
-11.4191 19.5939
-11.4185 19.5575
-11.418 19.5211
-11.4174 19.4846
-11.4168 19.4481
-11.4162 19.4117
-11.4156 19.3752
-11.415 19.3387
-11.4144 19.3022
-11.4138 19.2656
-11.4132 19.2291
-11.4125 19.1926
-11.4119 19.156
-11.4113 19.1194
-11.4106 19.0828
-11.4099 19.0462
-11.4093 19.0096
-11.4086 18.973
-11.4079 18.9363
-11.4072 18.8997
-11.4065 18.863
-11.4058 18.8263
-11.4051 18.7897
-11.4044 18.7529
-11.4036 18.7162
-11.4029 18.6795
-11.4022 18.6427
-11.4014 18.606
-11.4006 18.5692
-11.3999 18.5324
-11.3991 18.4956
-11.3983 18.4588
-11.3975 18.422
-11.3967 18.3851
-11.3959 18.3483
-11.395 18.3114
-11.3942 18.2745
-11.3934 18.2376
-11.3925 18.2007
-11.3917 18.1638
-11.3908 18.1269
-11.3899 18.0899
-11.389 18.053
-11.3881 18.016
-11.3872 17.979
-11.3863 17.942
-11.3863 17.942
-11.4194 17.9586
-11.4525 17.9751
-11.4856 17.9917
-11.5187 18.0082
-11.5517 18.0247
-11.5848 18.0413
-11.6178 18.0578
-11.6509 18.0742
-11.6839 18.0907
-11.7169 18.1072
-11.7499 18.1236
-11.7829 18.14
-11.8159 18.1565
-11.8489 18.1729
-11.8819 18.1893
-11.9148 18.2056
-11.9478 18.222
-11.9807 18.2383
-12.0137 18.2547
-12.0466 18.271
-12.0795 18.2873
-12.1124 18.3036
-12.1453 18.3199
-12.1782 18.3362
-12.2111 18.3524
-12.244 18.3687
-12.2769 18.3849
-12.3097 18.4011
-12.3426 18.4173
-12.3754 18.4335
-12.4083 18.4497
-12.4411 18.4659
-12.4739 18.482
-12.5067 18.4982
-12.5395 18.5143
-12.5723 18.5304
-12.6051 18.5465
-12.6379 18.5626
-12.6707 18.5787
-12.7034 18.5948
-12.7362 18.6109
-12.7689 18.6269
-12.8017 18.6429
-12.8344 18.659
-12.8671 18.675
-12.8998 18.691
-12.9325 18.707
-12.9652 18.723
-12.9979 18.7389
-13.0306 18.7549
-13.0633 18.7708
-13.0959 18.7868
-13.1286 18.8027
-13.1613 18.8186
-13.1939 18.8345
-13.2265 18.8504
-13.2592 18.8663
-13.2918 18.8821
-13.3244 18.898
-13.357 18.9138
-13.3896 18.9297
-13.4222 18.9455
-13.4491 18.9654
-13.475 18.947
-13.5008 18.9286
-13.5266 18.9101
-13.5525 18.8916
-13.5782 18.8731
-13.604 18.8545
-13.6297 18.836
-13.6554 18.8173
-13.6811 18.7987
-13.7068 18.78
-13.7324 18.7612
-13.758 18.7425
-13.7836 18.7237
-13.8091 18.7048
-13.8347 18.6859
-13.8602 18.667
-13.8856 18.6481
-13.9111 18.6291
-13.9365 18.6101
-13.9619 18.5911
-13.9873 18.572
-14.0126 18.5529
-14.0379 18.5337
-14.0632 18.5145
-14.0885 18.4953
-14.1137 18.4761
-14.139 18.4568
-14.1641 18.4374
-14.1893 18.4181
-14.2144 18.3987
-14.2396 18.3793
-14.2646 18.3598
-14.2897 18.3403
-14.3147 18.3208
-14.3397 18.3012
-14.3647 18.2816
-14.3896 18.262
-14.4146 18.2423
-14.4395 18.2226
-14.4643 18.2029
-14.4892 18.1831
-14.514 18.1633
-14.5388 18.1435
-14.5635 18.1236
-14.5883 18.1037
-14.613 18.0838
-14.6377 18.0638
-14.6623 18.0438
-14.6869 18.0238
-14.7115 18.0037
-14.7361 17.9836
-14.7606 17.9635
-14.7851 17.9433
-14.855 17.8855
-14.8794 17.8652
-14.9038 17.8449
-14.9282 17.8245
-14.9525 17.8041
-14.9768 17.7837
-15.001 17.7632
-15.0253 17.7427
-15.0495 17.7222
-15.0737 17.7016
-15.0978 17.681
-15.122 17.6604
-15.1461 17.6397
-15.1701 17.619
-15.1942 17.5983
-15.2182 17.5775
-15.2422 17.5567
-15.2661 17.5359
-15.2901 17.515
-15.314 17.4941
-15.3378 17.4732
-15.3617 17.4523
-15.3855 17.4313
-15.4093 17.4102
-15.433 17.3892
-15.4568 17.3681
-15.4805 17.347
-15.5041 17.3258
-15.5278 17.3046
-15.5514 17.2834
-15.575 17.2622
-15.5985 17.2409
-15.6221 17.2196
-15.6456 17.1982
-15.669 17.1768
-15.6925 17.1554
-15.7159 17.134
-15.7393 17.1125
-15.7626 17.091
-15.7859 17.0695
-15.8092 17.0479
-15.8325 17.0263
-15.8557 17.0047
-15.8789 16.983
-15.9021 16.9613
-15.9252 16.9396
-15.9484 16.9178
-15.9714 16.896
-15.9945 16.8742
-16.0175 16.8523
-16.0405 16.8305
-16.0635 16.8085
-16.0864 16.7866
-16.1093 16.7646
-16.0949 16.7345
-16.0854 16.6995
-16.076 16.6645
-16.0665 16.6295
-16.0571 16.5945
-16.0476 16.5595
-16.0381 16.5245
-16.0286 16.4894
-16.0191 16.4544
-16.0096 16.4193
-16.0001 16.3843
-15.9905 16.3492
-15.981 16.3141
-15.9714 16.279
-15.9619 16.2439
-15.9523 16.2088
-15.9427 16.1737
-15.9331 16.1385
-15.9235 16.1034
-15.9139 16.0682
-15.9043 16.0331
-15.8947 15.9979
-15.885 15.9627
-15.8754 15.9275
-15.8657 15.8923
-15.8561 15.8571
-15.8464 15.8219
-15.8367 15.7866
-15.827 15.7514
-15.8173 15.7161
-15.8076 15.6809
-15.7978 15.6456
-15.7881 15.6103
-15.7783 15.575
-15.7686 15.5397
-15.7588 15.5044
-15.749 15.4691
-15.7392 15.4337
-15.7294 15.3984
-15.7196 15.363
-15.7098 15.3276
-15.6999 15.2923
-15.6901 15.2569
-15.6802 15.2215
-15.6703 15.186
-15.6604 15.1506
-15.6505 15.1152
-15.6406 15.0797
-15.6307 15.0443
-15.6208 15.0088
-15.6108 14.9733
-15.6009 14.9378
-15.5909 14.9023
-15.5809 14.8668
-15.5709 14.8313
-15.5609 14.7957
-15.5509 14.7602
-15.5409 14.7246
-15.5309 14.689
-15.5208 14.6535
-15.5107 14.6179
-15.5007 14.5822
-15.4906 14.5466
-15.4906 14.5466
-15.5268 14.5545
-15.5629 14.5623
-15.5991 14.5701
-15.6352 14.5779
-15.6714 14.5857
-15.7075 14.5934
-15.7436 14.6012
-15.7797 14.609
-15.8158 14.6167
-15.8519 14.6244
-15.8879 14.6321
-15.924 14.6399
-15.96 14.6475
-15.996 14.6552
-16.032 14.6629
-16.068 14.6706
-16.104 14.6782
-16.14 14.6859
-16.176 14.6935
-16.2119 14.7011
-16.2479 14.7087
-16.2838 14.7163
-16.3197 14.7239
-16.3556 14.7315
-16.3915 14.7391
-16.4274 14.7466
-16.4633 14.7542
-16.4992 14.7617
-16.535 14.7692
-16.5709 14.7768
-16.6067 14.7843
-16.6425 14.7918
-16.6783 14.7992
-16.7141 14.8067
-16.7499 14.8142
-16.7857 14.8217
-16.8214 14.8291
-16.8572 14.8365
-16.8929 14.844
-16.9287 14.8514
-16.9644 14.8588
-17.0001 14.8662
-17.0358 14.8736
-17.0715 14.881
-17.1071 14.8884
-17.1428 14.8957
-17.1785 14.9031
-17.2141 14.9104
-17.2497 14.9178
-17.2854 14.9251
-17.321 14.9324
-17.3566 14.9397
-17.3922 14.947
-17.4278 14.9543
-17.4633 14.9616
-17.4989 14.9689
-17.5345 14.9761
-17.57 14.9834
-17.6055 14.9906
-17.641 14.9979
-17.6766 15.0051
-17.7121 15.0123
-17.743 15.0249
-17.7635 15.0006
-17.784 14.9764
-17.8044 14.9521
-17.8248 14.9277
-17.8452 14.9034
-17.8655 14.879
-17.8858 14.8546
-17.9061 14.8302
-17.9263 14.8057
-17.9465 14.7812
-17.9667 14.7567
-17.9868 14.7322
-18.0069 14.7076
-18.027 14.683
-18.047 14.6584
-18.067 14.6337
-18.087 14.609
-18.1069 14.5843
-18.1268 14.5596
-18.1467 14.5348
-18.1665 14.51
-18.1863 14.4852
-18.2061 14.4603
-18.2258 14.4355
-18.2455 14.4106
-18.2651 14.3857
-18.2848 14.3607
-18.3044 14.3357
-18.3239 14.3107
-18.3434 14.2857
-18.3629 14.2606
-18.3824 14.2355
-18.4018 14.2104
-18.4212 14.1853
-18.4405 14.1601
-18.4599 14.1349
-18.4791 14.1097
-18.4984 14.0845
-18.5176 14.0592
-18.5368 14.0339
-18.5559 14.0086
-18.575 13.9832
-18.5941 13.9578
-18.6132 13.9324
-18.6322 13.907
-18.6511 13.8816
-18.6701 13.8561
-18.689 13.8306
-18.7078 13.805
-18.7267 13.7795
-18.7455 13.7539
-18.7642 13.7283
-18.783 13.7027
-18.8363 13.6293
-18.8548 13.6036
-18.8734 13.5778
-18.8919 13.552
-18.9104 13.5262
-18.9289 13.5004
-18.9473 13.4745
-18.9657 13.4486
-18.984 13.4227
-19.0023 13.3968
-19.0206 13.3708
-19.0388 13.3449
-19.057 13.3189
-19.0752 13.2928
-19.0933 13.2668
-19.1114 13.2407
-19.1295 13.2146
-19.1475 13.1884
-19.1655 13.1623
-19.1835 13.1361
-19.2014 13.1099
-19.2193 13.0837
-19.2371 13.0574
-19.2549 13.0311
-19.2727 13.0048
-19.2904 12.9785
-19.3081 12.9522
-19.3258 12.9258
-19.3434 12.8994
-19.361 12.873
-19.3786 12.8465
-19.3961 12.82
-19.4136 12.7935
-19.4311 12.767
-19.4485 12.7405
-19.4658 12.7139
-19.4832 12.6873
-19.5005 12.6607
-19.5178 12.6341
-19.535 12.6074
-19.5522 12.5807
-19.5693 12.554
-19.5865 12.5273
-19.6036 12.5005
-19.6206 12.4737
-19.6376 12.4469
-19.6546 12.4201
-19.6715 12.3933
-19.6884 12.3664
-19.7053 12.3395
-19.7221 12.3126
-19.7389 12.2856
-19.7557 12.2587
-19.7724 12.2317
-19.7509 12.2061
-19.7331 12.1746
-19.7152 12.143
-19.6974 12.1115
-19.6795 12.0799
-19.6616 12.0484
-19.6437 12.0168
-19.6258 11.9852
-19.6079 11.9537
-19.5899 11.9221
-19.572 11.8905
-19.554 11.8589
-19.5361 11.8273
-19.5181 11.7956
-19.5001 11.764
-19.4821 11.7324
-19.4641 11.7008
-19.4461 11.6691
-19.428 11.6375
-19.41 11.6058
-19.3919 11.5741
-19.3738 11.5425
-19.3558 11.5108
-19.3377 11.4791
-19.3195 11.4474
-19.3014 11.4157
-19.2833 11.384
-19.2651 11.3523
-19.247 11.3205
-19.2288 11.2888
-19.2106 11.2571
-19.1924 11.2253
-19.1742 11.1936
-19.156 11.1618
-19.1377 11.13
-19.1195 11.0982
-19.1012 11.0665
-19.0829 11.0347
-19.0647 11.0029
-19.0464 10.971
-19.028 10.9392
-19.0097 10.9074
-18.9914 10.8756
-18.973 10.8437
-18.9546 10.8119
-18.9362 10.78
-18.9178 10.7482
-18.8994 10.7163
-18.881 10.6844
-18.8626 10.6525
-18.8441 10.6206
-18.8256 10.5887
-18.8071 10.5568
-18.7887 10.5249
-18.7701 10.493
-18.7516 10.461
-18.7331 10.4291
-18.7145 10.3971
-18.6959 10.3652
-18.6774 10.3332
-18.6588 10.3012
-18.6401 10.2693
-18.6215 10.2373
-18.6215 10.2373
-18.6585 10.2359
-18.6955 10.2344
-18.7325 10.233
-18.7694 10.2316
-18.8063 10.2301
-18.8433 10.2287
-18.8802 10.2272
-18.9171 10.2257
-18.9539 10.2243
-18.9908 10.2228
-19.0276 10.2213
-19.0645 10.2198
-19.1013 10.2183
-19.1381 10.2168
-19.1749 10.2152
-19.2117 10.2137
-19.2484 10.2122
-19.2852 10.2106
-19.3219 10.2091
-19.3586 10.2075
-19.3953 10.2059
-19.432 10.2044
-19.4687 10.2028
-19.5054 10.2012
-19.542 10.1996
-19.5787 10.198
-19.6153 10.1964
-19.6519 10.1948
-19.6885 10.1931
-19.7251 10.1915
-19.7617 10.1899
-19.7982 10.1882
-19.8348 10.1866
-19.8713 10.1849
-19.9078 10.1833
-19.9443 10.1816
-19.9808 10.1799
-20.0173 10.1782
-20.0537 10.1765
-20.0902 10.1748
-20.1266 10.1731
-20.1631 10.1714
-20.1995 10.1697
-20.2359 10.168
-20.2723 10.1662
-20.3087 10.1645
-20.345 10.1628
-20.3814 10.161
-20.4177 10.1593
-20.454 10.1575
-20.4904 10.1557
-20.5267 10.154
-20.5629 10.1522
-20.5992 10.1504
-20.6355 10.1486
-20.6717 10.1468
-20.708 10.145
-20.7442 10.1432
-20.7804 10.1414
-20.8166 10.1395
-20.8528 10.1377
-20.889 10.1359
-20.9221 10.1403
-20.936 10.1118
-20.9498 10.0832
-20.9635 10.0545
-20.9772 10.0259
-20.9909 9.99726
-21.0045 9.96859
-21.0181 9.9399
-21.0317 9.91119
-21.0452 9.88246
-21.0586 9.85372
-21.0721 9.82496
-21.0855 9.79617
-21.0988 9.76738
-21.1122 9.73856
-21.1254 9.70972
-21.1387 9.68087
-21.1519 9.65199
-21.165 9.6231
-21.1781 9.5942
-21.1912 9.56527
-21.2043 9.53633
-21.2173 9.50737
-21.2302 9.47839
-21.2432 9.44939
-21.256 9.42037
-21.2689 9.39134
-21.2817 9.36229
-21.2944 9.33323
-21.3072 9.30414
-21.3199 9.27504
-21.3325 9.24592
-21.3451 9.21678
-21.3577 9.18763
-21.3702 9.15846
-21.3827 9.12927
-21.3951 9.10007
-21.4075 9.07084
-21.4199 9.04161
-21.4322 9.01235
-21.4445 8.98308
-21.4568 8.95379
-21.469 8.92448
-21.4811 8.89516
-21.4932 8.86582
-21.5053 8.83647
-21.5174 8.80709
-21.5294 8.7777
-21.5413 8.7483
-21.5533 8.71888
-21.5652 8.68944
-21.577 8.65999
-21.5888 8.63052
-21.6006 8.60103
-21.634 8.51673
-21.6456 8.48718
-21.6571 8.45762
-21.6687 8.42804
-21.6801 8.39844
-21.6916 8.36883
-21.703 8.33921
-21.7144 8.30957
-21.7257 8.27991
-21.737 8.25024
-21.7482 8.22055
-21.7594 8.19084
-21.7706 8.16113
-21.7817 8.13139
-21.7928 8.10164
-21.8038 8.07188
-21.8148 8.0421
-21.8258 8.01231
-21.8367 7.9825
-21.8476 7.95267
-21.8584 7.92284
-21.8692 7.89298
-21.88 7.86311
-21.8907 7.83323
-21.9014 7.80333
-21.912 7.77342
-21.9226 7.7435
-21.9332 7.71356
-21.9437 7.6836
-21.9541 7.65363
-21.9646 7.62365
-21.975 7.59365
-21.9853 7.56364
-21.9956 7.53361
-22.0059 7.50357
-22.0161 7.47352
-22.0263 7.44345
-22.0364 7.41337
-22.0465 7.38327
-22.0566 7.35316
-22.0666 7.32304
-22.0766 7.2929
-22.0865 7.26275
-22.0964 7.23259
-22.1063 7.20241
-22.1161 7.17222
-22.1259 7.14201
-22.1356 7.11179
-22.1453 7.08156
-22.1549 7.05132
-22.1645 7.02106
-22.1741 6.99079
-22.1836 6.96051
-22.1931 6.93021
-22.1659 6.91077
-22.1408 6.88467
-22.1157 6.85856
-22.0905 6.83245
-22.0654 6.80633
-22.0402 6.78021
-22.015 6.75409
-21.9898 6.72796
-21.9646 6.70183
-21.9394 6.67569
-21.9141 6.64955
-21.8889 6.62341
-21.8636 6.59726
-21.8384 6.57111
-21.8131 6.54495
-21.7878 6.51879
-21.7625 6.49263
-21.7371 6.46646
-21.7118 6.44029
-21.6864 6.41411
-21.6611 6.38793
-21.6357 6.36175
-21.6103 6.33556
-21.5849 6.30937
-21.5594 6.28317
-21.534 6.25697
-21.5085 6.23077
-21.4831 6.20456
-21.4576 6.17834
-21.4321 6.15213
-21.4066 6.12591
-21.3811 6.09968
-21.3555 6.07345
-21.33 6.04722
-21.3044 6.02098
-21.2788 5.99474
-21.2532 5.9685
-21.2276 5.94225
-21.202 5.916
-21.1764 5.88974
-21.1507 5.86348
-21.125 5.83721
-21.0994 5.81094
-21.0737 5.78467
-21.0479 5.75839
-21.0222 5.73211
-20.9965 5.70582
-20.9707 5.67953
-20.9449 5.65323
-20.9191 5.62693
-20.8933 5.60063
-20.8675 5.57432
-20.8417 5.54801
-20.8158 5.52169
-20.7899 5.49537
-20.7641 5.46905
-20.7381 5.44272
-20.7122 5.41639
-20.6863 5.39005
-20.6603 5.36371
-20.6344 5.33736
-20.6084 5.31101
-20.5824 5.28466
-20.5824 5.28466
-20.6179 5.27409
-20.6533 5.26352
-20.6888 5.25294
-20.7242 5.24236
-20.7596 5.23178
-20.795 5.22119
-20.8304 5.21059
-20.8658 5.2
-20.9011 5.18939
-20.9365 5.17879
-20.9718 5.16818
-21.0071 5.15757
-21.0424 5.14695
-21.0776 5.13633
-21.1129 5.1257
-21.1481 5.11508
-21.1834 5.10444
-21.2186 5.09381
-21.2538 5.08317
-21.2889 5.07253
-21.3241 5.06188
-21.3593 5.05123
-21.3944 5.04057
-21.4295 5.02992
-21.4646 5.01926
-21.4997 5.00859
-21.5348 4.99792
-21.5698 4.98725
-21.6049 4.97658
-21.6399 4.9659
-21.6749 4.95522
-21.7099 4.94453
-21.7449 4.93384
-21.7799 4.92315
-21.8148 4.91246
-21.8498 4.90176
-21.8847 4.89106
-21.9196 4.88035
-21.9545 4.86965
-21.9894 4.85894
-22.0243 4.84822
-22.0591 4.83751
-22.094 4.82679
-22.1288 4.81606
-22.1636 4.80534
-22.1984 4.79461
-22.2332 4.78388
-22.268 4.77314
-22.3028 4.76241
-22.3375 4.75166
-22.3722 4.74092
-22.407 4.73018
-22.4417 4.71943
-22.4764 4.70867
-22.511 4.69792
-22.5457 4.68716
-22.5804 4.6764
-22.615 4.66564
-22.6496 4.65487
-22.6843 4.64411
-22.7189 4.63334
-22.7534 4.62256
-22.7866 4.61863
-22.7929 4.58751
-22.7992 4.55638
-22.8054 4.52525
-22.8115 4.49411
-22.8176 4.46295
-22.8237 4.43179
-22.8297 4.40063
-22.8357 4.36945
-22.8417 4.33827
-22.8476 4.30707
-22.8534 4.27587
-22.8593 4.24466
-22.865 4.21345
-22.8708 4.18222
-22.8764 4.15099
-22.8821 4.11975
-22.8877 4.0885
-22.8933 4.05725
-22.8988 4.02599
-22.9043 3.99472
-22.9097 3.96344
-22.9151 3.93215
-22.9204 3.90086
-22.9257 3.86956
-22.931 3.83825
-22.9362 3.80694
-22.9414 3.77562
-22.9465 3.74429
-22.9516 3.71296
-22.9567 3.68161
-22.9617 3.65027
-22.9666 3.61891
-22.9715 3.58755
-22.9764 3.55618
-22.9813 3.5248
-22.9861 3.49342
-22.9908 3.46203
-22.9955 3.43064
-23.0002 3.39923
-23.0048 3.36783
-23.0094 3.33641
-23.0139 3.30499
-23.0184 3.27356
-23.0228 3.24213
-23.0272 3.21069
-23.0316 3.17925
-23.0359 3.1478
-23.0402 3.11634
-23.0444 3.08488
-23.0486 3.05341
-23.0528 3.02194
-23.0569 2.99046
-23.0609 2.95897
-23.0723 2.86901
-23.0762 2.83751
-23.0801 2.806
-23.0839 2.77448
-23.0876 2.74296
-23.0914 2.71143
-23.095 2.6799
-23.0987 2.64836
-23.1023 2.61682
-23.1058 2.58527
-23.1093 2.55372
-23.1128 2.52217
-23.1162 2.4906
-23.1196 2.45904
-23.1229 2.42747
-23.1262 2.39589
-23.1295 2.36431
-23.1327 2.33273
-23.1358 2.30114
-23.139 2.26955
-23.142 2.23795
-23.1451 2.20635
-23.1481 2.17475
-23.151 2.14314
-23.1539 2.11153
-23.1568 2.07991
-23.1596 2.04829
-23.1624 2.01666
-23.1651 1.98504
-23.1678 1.9534
-23.1704 1.92177
-23.173 1.89013
-23.1756 1.85849
-23.1781 1.82684
-23.1806 1.79519
-23.183 1.76354
-23.1854 1.73188
-23.1877 1.70022
-23.19 1.66856
-23.1923 1.63689
-23.1945 1.60523
-23.1967 1.57355
-23.1988 1.54188
-23.2009 1.5102
-23.2029 1.47852
-23.2049 1.44684
-23.2069 1.41515
-23.2088 1.38346
-23.2107 1.35177
-23.2125 1.32008
-23.2143 1.28838
-23.216 1.25668
-23.2177 1.22498
-23.2194 1.19328
-23.1882 1.18122
-23.1574 1.16218
-23.1265 1.14314
-23.0957 1.1241
-23.0648 1.10506
-23.0339 1.08602
-23.003 1.06698
-22.9721 1.04794
-22.9412 1.0289
-22.9103 1.00986
-22.8793 0.990816
-22.8484 0.971773
-22.8174 0.952729
-22.7864 0.933684
-22.7554 0.914639
-22.7244 0.895593
-22.6934 0.876547
-22.6624 0.8575
-22.6313 0.838453
-22.6002 0.819405
-22.5691 0.800357
-22.538 0.781308
-22.5069 0.762259
-22.4758 0.743209
-22.4447 0.724158
-22.4135 0.705108
-22.3823 0.686056
-22.3512 0.667005
-22.32 0.647953
-22.2887 0.6289
-22.2575 0.609847
-22.2263 0.590794
-22.195 0.57174
-22.1637 0.552686
-22.1325 0.533631
-22.1012 0.514576
-22.0698 0.495521
-22.0385 0.476465
-22.0072 0.45741
-21.9758 0.438353
-21.9444 0.419297
-21.913 0.40024
-21.8816 0.381183
-21.8502 0.362125
-21.8187 0.343068
-21.7873 0.32401
-21.7558 0.304952
-21.7243 0.285893
-21.6928 0.266835
-21.6613 0.247776
-21.6297 0.228717
-21.5982 0.209658
-21.5666 0.190599
-21.535 0.171539
-21.5034 0.15248
-21.4718 0.13342
-21.4402 0.11436
-21.4085 0.0953002
-21.3768 0.0762403
-21.3452 0.0571802
-21.3135 0.0381202
-21.2817 0.0190601
-21.25 -3.9968e-15
-21.25 -9.67224e-15
-21.2817 -0.0190601
-21.3135 -0.0381202
-21.3452 -0.0571802
-21.3768 -0.0762403
-21.4085 -0.0953002
-21.4402 -0.11436
-21.4718 -0.13342
-21.5034 -0.15248
-21.535 -0.171539
-21.5666 -0.190599
-21.5982 -0.209658
-21.6297 -0.228717
-21.6613 -0.247776
-21.6928 -0.266835
-21.7243 -0.285893
-21.7558 -0.304952
-21.7873 -0.32401
-21.8187 -0.343068
-21.8502 -0.362125
-21.8816 -0.381183
-21.913 -0.40024
-21.9444 -0.419297
-21.9758 -0.438353
-22.0072 -0.45741
-22.0385 -0.476465
-22.0698 -0.495521
-22.1012 -0.514576
-22.1325 -0.533631
-22.1637 -0.552686
-22.195 -0.57174
-22.2263 -0.590794
-22.2575 -0.609847
-22.2887 -0.6289
-22.32 -0.647953
-22.3512 -0.667005
-22.3823 -0.686056
-22.4135 -0.705108
-22.4447 -0.724158
-22.4758 -0.743209
-22.5069 -0.762259
-22.538 -0.781308
-22.5691 -0.800357
-22.6002 -0.819405
-22.6313 -0.838453
-22.6624 -0.8575
-22.6934 -0.876547
-22.7244 -0.895593
-22.7554 -0.914639
-22.7864 -0.933684
-22.8174 -0.952729
-22.8484 -0.971773
-22.8793 -0.990816
-22.9103 -1.00986
-22.9412 -1.0289
-22.9721 -1.04794
-23.003 -1.06698
-23.0339 -1.08602
-23.0648 -1.10506
-23.0957 -1.1241
-23.1265 -1.14314
-23.1574 -1.16218
-23.1882 -1.18122
-23.2194 -1.19328
-23.2177 -1.22498
-23.216 -1.25668
-23.2143 -1.28838
-23.2125 -1.32008
-23.2107 -1.35177
-23.2088 -1.38346
-23.2069 -1.41515
-23.2049 -1.44684
-23.2029 -1.47852
-23.2009 -1.5102
-23.1988 -1.54188
-23.1967 -1.57355
-23.1945 -1.60523
-23.1923 -1.63689
-23.19 -1.66856
-23.1877 -1.70022
-23.1854 -1.73188
-23.183 -1.76354
-23.1806 -1.79519
-23.1781 -1.82684
-23.1756 -1.85849
-23.173 -1.89013
-23.1704 -1.92177
-23.1678 -1.9534
-23.1651 -1.98504
-23.1624 -2.01666
-23.1596 -2.04829
-23.1568 -2.07991
-23.1539 -2.11153
-23.151 -2.14314
-23.1481 -2.17475
-23.1451 -2.20635
-23.142 -2.23795
-23.139 -2.26955
-23.1358 -2.30114
-23.1327 -2.33273
-23.1295 -2.36431
-23.1262 -2.39589
-23.1229 -2.42747
-23.1196 -2.45904
-23.1162 -2.4906
-23.1128 -2.52217
-23.1093 -2.55372
-23.1058 -2.58527
-23.1023 -2.61682
-23.0987 -2.64836
-23.095 -2.6799
-23.0914 -2.71143
-23.0876 -2.74296
-23.0839 -2.77448
-23.0801 -2.806
-23.0762 -2.83751
-23.0723 -2.86901
-23.0609 -2.95897
-23.0569 -2.99046
-23.0528 -3.02194
-23.0486 -3.05341
-23.0444 -3.08488
-23.0402 -3.11634
-23.0359 -3.1478
-23.0316 -3.17925
-23.0272 -3.21069
-23.0228 -3.24213
-23.0184 -3.27356
-23.0139 -3.30499
-23.0094 -3.33641
-23.0048 -3.36783
-23.0002 -3.39923
-22.9955 -3.43064
-22.9908 -3.46203
-22.9861 -3.49342
-22.9813 -3.5248
-22.9764 -3.55618
-22.9715 -3.58755
-22.9666 -3.61891
-22.9617 -3.65027
-22.9567 -3.68161
-22.9516 -3.71296
-22.9465 -3.74429
-22.9414 -3.77562
-22.9362 -3.80694
-22.931 -3.83825
-22.9257 -3.86956
-22.9204 -3.90086
-22.9151 -3.93215
-22.9097 -3.96344
-22.9043 -3.99472
-22.8988 -4.02599
-22.8933 -4.05725
-22.8877 -4.0885
-22.8821 -4.11975
-22.8764 -4.15099
-22.8708 -4.18222
-22.865 -4.21345
-22.8593 -4.24466
-22.8534 -4.27587
-22.8476 -4.30707
-22.8417 -4.33827
-22.8357 -4.36945
-22.8297 -4.40063
-22.8237 -4.43179
-22.8176 -4.46295
-22.8115 -4.49411
-22.8054 -4.52525
-22.7992 -4.55638
-22.7929 -4.58751
-22.7866 -4.61863
-22.7534 -4.62256
-22.7189 -4.63334
-22.6843 -4.64411
-22.6496 -4.65487
-22.615 -4.66564
-22.5804 -4.6764
-22.5457 -4.68716
-22.511 -4.69792
-22.4764 -4.70867
-22.4417 -4.71943
-22.407 -4.73018
-22.3722 -4.74092
-22.3375 -4.75166
-22.3028 -4.76241
-22.268 -4.77314
-22.2332 -4.78388
-22.1984 -4.79461
-22.1636 -4.80534
-22.1288 -4.81606
-22.094 -4.82679
-22.0591 -4.83751
-22.0243 -4.84822
-21.9894 -4.85894
-21.9545 -4.86965
-21.9196 -4.88035
-21.8847 -4.89106
-21.8498 -4.90176
-21.8148 -4.91246
-21.7799 -4.92315
-21.7449 -4.93384
-21.7099 -4.94453
-21.6749 -4.95522
-21.6399 -4.9659
-21.6049 -4.97658
-21.5698 -4.98725
-21.5348 -4.99792
-21.4997 -5.00859
-21.4646 -5.01926
-21.4295 -5.02992
-21.3944 -5.04057
-21.3593 -5.05123
-21.3241 -5.06188
-21.2889 -5.07253
-21.2538 -5.08317
-21.2186 -5.09381
-21.1834 -5.10444
-21.1481 -5.11508
-21.1129 -5.1257
-21.0776 -5.13633
-21.0424 -5.14695
-21.0071 -5.15757
-20.9718 -5.16818
-20.9365 -5.17879
-20.9011 -5.18939
-20.8658 -5.2
-20.8304 -5.21059
-20.795 -5.22119
-20.7596 -5.23178
-20.7242 -5.24236
-20.6888 -5.25294
-20.6533 -5.26352
-20.6179 -5.27409
-20.5824 -5.28466
-20.5824 -5.28466
-20.6084 -5.31101
-20.6344 -5.33736
-20.6603 -5.36371
-20.6863 -5.39005
-20.7122 -5.41639
-20.7381 -5.44272
-20.7641 -5.46905
-20.7899 -5.49537
-20.8158 -5.52169
-20.8417 -5.54801
-20.8675 -5.57432
-20.8933 -5.60063
-20.9191 -5.62693
-20.9449 -5.65323
-20.9707 -5.67953
-20.9965 -5.70582
-21.0222 -5.73211
-21.0479 -5.75839
-21.0737 -5.78467
-21.0994 -5.81094
-21.125 -5.83721
-21.1507 -5.86348
-21.1764 -5.88974
-21.202 -5.916
-21.2276 -5.94225
-21.2532 -5.9685
-21.2788 -5.99474
-21.3044 -6.02098
-21.33 -6.04722
-21.3555 -6.07345
-21.3811 -6.09968
-21.4066 -6.12591
-21.4321 -6.15213
-21.4576 -6.17834
-21.4831 -6.20456
-21.5085 -6.23077
-21.534 -6.25697
-21.5594 -6.28317
-21.5849 -6.30937
-21.6103 -6.33556
-21.6357 -6.36175
-21.6611 -6.38793
-21.6864 -6.41411
-21.7118 -6.44029
-21.7371 -6.46646
-21.7625 -6.49263
-21.7878 -6.51879
-21.8131 -6.54495
-21.8384 -6.57111
-21.8636 -6.59726
-21.8889 -6.62341
-21.9141 -6.64955
-21.9394 -6.67569
-21.9646 -6.70183
-21.9898 -6.72796
-22.015 -6.75409
-22.0402 -6.78021
-22.0654 -6.80633
-22.0905 -6.83245
-22.1157 -6.85856
-22.1408 -6.88467
-22.1659 -6.91077
-22.1931 -6.93021
-22.1836 -6.96051
-22.1741 -6.99079
-22.1645 -7.02106
-22.1549 -7.05132
-22.1453 -7.08156
-22.1356 -7.11179
-22.1259 -7.14201
-22.1161 -7.17222
-22.1063 -7.20241
-22.0964 -7.23259
-22.0865 -7.26275
-22.0766 -7.2929
-22.0666 -7.32304
-22.0566 -7.35316
-22.0465 -7.38327
-22.0364 -7.41337
-22.0263 -7.44345
-22.0161 -7.47352
-22.0059 -7.50357
-21.9956 -7.53361
-21.9853 -7.56364
-21.975 -7.59365
-21.9646 -7.62365
-21.9541 -7.65363
-21.9437 -7.6836
-21.9332 -7.71356
-21.9226 -7.7435
-21.912 -7.77342
-21.9014 -7.80333
-21.8907 -7.83323
-21.88 -7.86311
-21.8692 -7.89298
-21.8584 -7.92284
-21.8476 -7.95267
-21.8367 -7.9825
-21.8258 -8.01231
-21.8148 -8.0421
-21.8038 -8.07188
-21.7928 -8.10164
-21.7817 -8.13139
-21.7706 -8.16113
-21.7594 -8.19084
-21.7482 -8.22055
-21.737 -8.25024
-21.7257 -8.27991
-21.7144 -8.30957
-21.703 -8.33921
-21.6916 -8.36883
-21.6801 -8.39844
-21.6687 -8.42804
-21.6571 -8.45762
-21.6456 -8.48718
-21.634 -8.51673
-21.6006 -8.60103
-21.5888 -8.63052
-21.577 -8.65999
-21.5652 -8.68944
-21.5533 -8.71888
-21.5413 -8.7483
-21.5294 -8.7777
-21.5174 -8.80709
-21.5053 -8.83647
-21.4932 -8.86582
-21.4811 -8.89516
-21.469 -8.92448
-21.4568 -8.95379
-21.4445 -8.98308
-21.4322 -9.01235
-21.4199 -9.04161
-21.4075 -9.07084
-21.3951 -9.10007
-21.3827 -9.12927
-21.3702 -9.15846
-21.3577 -9.18763
-21.3451 -9.21678
-21.3325 -9.24592
-21.3199 -9.27504
-21.3072 -9.30414
-21.2944 -9.33323
-21.2817 -9.36229
-21.2689 -9.39134
-21.256 -9.42037
-21.2432 -9.44939
-21.2302 -9.47839
-21.2173 -9.50737
-21.2043 -9.53633
-21.1912 -9.56527
-21.1781 -9.5942
-21.165 -9.6231
-21.1519 -9.65199
-21.1387 -9.68087
-21.1254 -9.70972
-21.1122 -9.73856
-21.0988 -9.76738
-21.0855 -9.79617
-21.0721 -9.82496
-21.0586 -9.85372
-21.0452 -9.88246
-21.0317 -9.91119
-21.0181 -9.9399
-21.0045 -9.96859
-20.9909 -9.99726
-20.9772 -10.0259
-20.9635 -10.0545
-20.9498 -10.0832
-20.936 -10.1118
-20.9221 -10.1403
-20.889 -10.1359
-20.8528 -10.1377
-20.8166 -10.1395
-20.7804 -10.1414
-20.7442 -10.1432
-20.708 -10.145
-20.6717 -10.1468
-20.6355 -10.1486
-20.5992 -10.1504
-20.5629 -10.1522
-20.5267 -10.154
-20.4904 -10.1557
-20.454 -10.1575
-20.4177 -10.1593
-20.3814 -10.161
-20.345 -10.1628
-20.3087 -10.1645
-20.2723 -10.1662
-20.2359 -10.168
-20.1995 -10.1697
-20.1631 -10.1714
-20.1266 -10.1731
-20.0902 -10.1748
-20.0537 -10.1765
-20.0173 -10.1782
-19.9808 -10.1799
-19.9443 -10.1816
-19.9078 -10.1833
-19.8713 -10.1849
-19.8348 -10.1866
-19.7982 -10.1882
-19.7617 -10.1899
-19.7251 -10.1915
-19.6885 -10.1931
-19.6519 -10.1948
-19.6153 -10.1964
-19.5787 -10.198
-19.542 -10.1996
-19.5054 -10.2012
-19.4687 -10.2028
-19.432 -10.2044
-19.3953 -10.2059
-19.3586 -10.2075
-19.3219 -10.2091
-19.2852 -10.2106
-19.2484 -10.2122
-19.2117 -10.2137
-19.1749 -10.2152
-19.1381 -10.2168
-19.1013 -10.2183
-19.0645 -10.2198
-19.0276 -10.2213
-18.9908 -10.2228
-18.9539 -10.2243
-18.9171 -10.2257
-18.8802 -10.2272
-18.8433 -10.2287
-18.8063 -10.2301
-18.7694 -10.2316
-18.7325 -10.233
-18.6955 -10.2344
-18.6585 -10.2359
-18.6215 -10.2373
-18.6215 -10.2373
-18.6401 -10.2693
-18.6588 -10.3012
-18.6774 -10.3332
-18.6959 -10.3652
-18.7145 -10.3971
-18.7331 -10.4291
-18.7516 -10.461
-18.7701 -10.493
-18.7887 -10.5249
-18.8071 -10.5568
-18.8256 -10.5887
-18.8441 -10.6206
-18.8626 -10.6525
-18.881 -10.6844
-18.8994 -10.7163
-18.9178 -10.7482
-18.9362 -10.78
-18.9546 -10.8119
-18.973 -10.8437
-18.9914 -10.8756
-19.0097 -10.9074
-19.028 -10.9392
-19.0464 -10.971
-19.0647 -11.0029
-19.0829 -11.0347
-19.1012 -11.0665
-19.1195 -11.0982
-19.1377 -11.13
-19.156 -11.1618
-19.1742 -11.1936
-19.1924 -11.2253
-19.2106 -11.2571
-19.2288 -11.2888
-19.247 -11.3205
-19.2651 -11.3523
-19.2833 -11.384
-19.3014 -11.4157
-19.3195 -11.4474
-19.3377 -11.4791
-19.3558 -11.5108
-19.3738 -11.5425
-19.3919 -11.5741
-19.41 -11.6058
-19.428 -11.6375
-19.4461 -11.6691
-19.4641 -11.7008
-19.4821 -11.7324
-19.5001 -11.764
-19.5181 -11.7956
-19.5361 -11.8273
-19.554 -11.8589
-19.572 -11.8905
-19.5899 -11.9221
-19.6079 -11.9537
-19.6258 -11.9852
-19.6437 -12.0168
-19.6616 -12.0484
-19.6795 -12.0799
-19.6974 -12.1115
-19.7152 -12.143
-19.7331 -12.1746
-19.7509 -12.2061
-19.7724 -12.2317
-19.7557 -12.2587
-19.7389 -12.2856
-19.7221 -12.3126
-19.7053 -12.3395
-19.6884 -12.3664
-19.6715 -12.3933
-19.6546 -12.4201
-19.6376 -12.4469
-19.6206 -12.4737
-19.6036 -12.5005
-19.5865 -12.5273
-19.5693 -12.554
-19.5522 -12.5807
-19.535 -12.6074
-19.5178 -12.6341
-19.5005 -12.6607
-19.4832 -12.6873
-19.4658 -12.7139
-19.4485 -12.7405
-19.4311 -12.767
-19.4136 -12.7935
-19.3961 -12.82
-19.3786 -12.8465
-19.361 -12.873
-19.3434 -12.8994
-19.3258 -12.9258
-19.3081 -12.9522
-19.2904 -12.9785
-19.2727 -13.0048
-19.2549 -13.0311
-19.2371 -13.0574
-19.2193 -13.0837
-19.2014 -13.1099
-19.1835 -13.1361
-19.1655 -13.1623
-19.1475 -13.1884
-19.1295 -13.2146
-19.1114 -13.2407
-19.0933 -13.2668
-19.0752 -13.2928
-19.057 -13.3189
-19.0388 -13.3449
-19.0206 -13.3708
-19.0023 -13.3968
-18.984 -13.4227
-18.9657 -13.4486
-18.9473 -13.4745
-18.9289 -13.5004
-18.9104 -13.5262
-18.8919 -13.552
-18.8734 -13.5778
-18.8548 -13.6036
-18.8363 -13.6293
-18.783 -13.7027
-18.7642 -13.7283
-18.7455 -13.7539
-18.7267 -13.7795
-18.7078 -13.805
-18.689 -13.8306
-18.6701 -13.8561
-18.6511 -13.8816
-18.6322 -13.907
-18.6132 -13.9324
-18.5941 -13.9578
-18.575 -13.9832
-18.5559 -14.0086
-18.5368 -14.0339
-18.5176 -14.0592
-18.4984 -14.0845
-18.4791 -14.1097
-18.4599 -14.1349
-18.4405 -14.1601
-18.4212 -14.1853
-18.4018 -14.2104
-18.3824 -14.2355
-18.3629 -14.2606
-18.3434 -14.2857
-18.3239 -14.3107
-18.3044 -14.3357
-18.2848 -14.3607
-18.2651 -14.3857
-18.2455 -14.4106
-18.2258 -14.4355
-18.2061 -14.4603
-18.1863 -14.4852
-18.1665 -14.51
-18.1467 -14.5348
-18.1268 -14.5596
-18.1069 -14.5843
-18.087 -14.609
-18.067 -14.6337
-18.047 -14.6584
-18.027 -14.683
-18.0069 -14.7076
-17.9868 -14.7322
-17.9667 -14.7567
-17.9465 -14.7812
-17.9263 -14.8057
-17.9061 -14.8302
-17.8858 -14.8546
-17.8655 -14.879
-17.8452 -14.9034
-17.8248 -14.9277
-17.8044 -14.9521
-17.784 -14.9764
-17.7635 -15.0006
-17.743 -15.0249
-17.7121 -15.0123
-17.6766 -15.0051
-17.641 -14.9979
-17.6055 -14.9906
-17.57 -14.9834
-17.5345 -14.9761
-17.4989 -14.9689
-17.4633 -14.9616
-17.4278 -14.9543
-17.3922 -14.947
-17.3566 -14.9397
-17.321 -14.9324
-17.2854 -14.9251
-17.2497 -14.9178
-17.2141 -14.9104
-17.1785 -14.9031
-17.1428 -14.8957
-17.1071 -14.8884
-17.0715 -14.881
-17.0358 -14.8736
-17.0001 -14.8662
-16.9644 -14.8588
-16.9287 -14.8514
-16.8929 -14.844
-16.8572 -14.8365
-16.8214 -14.8291
-16.7857 -14.8217
-16.7499 -14.8142
-16.7141 -14.8067
-16.6783 -14.7992
-16.6425 -14.7918
-16.6067 -14.7843
-16.5709 -14.7768
-16.535 -14.7692
-16.4992 -14.7617
-16.4633 -14.7542
-16.4274 -14.7466
-16.3915 -14.7391
-16.3556 -14.7315
-16.3197 -14.7239
-16.2838 -14.7163
-16.2479 -14.7087
-16.2119 -14.7011
-16.176 -14.6935
-16.14 -14.6859
-16.104 -14.6782
-16.068 -14.6706
-16.032 -14.6629
-15.996 -14.6552
-15.96 -14.6475
-15.924 -14.6399
-15.8879 -14.6321
-15.8519 -14.6244
-15.8158 -14.6167
-15.7797 -14.609
-15.7436 -14.6012
-15.7075 -14.5934
-15.6714 -14.5857
-15.6352 -14.5779
-15.5991 -14.5701
-15.5629 -14.5623
-15.5268 -14.5545
-15.4906 -14.5466
-15.4906 -14.5466
-15.5007 -14.5822
-15.5107 -14.6179
-15.5208 -14.6535
-15.5309 -14.689
-15.5409 -14.7246
-15.5509 -14.7602
-15.5609 -14.7957
-15.5709 -14.8313
-15.5809 -14.8668
-15.5909 -14.9023
-15.6009 -14.9378
-15.6108 -14.9733
-15.6208 -15.0088
-15.6307 -15.0443
-15.6406 -15.0797
-15.6505 -15.1152
-15.6604 -15.1506
-15.6703 -15.186
-15.6802 -15.2215
-15.6901 -15.2569
-15.6999 -15.2923
-15.7098 -15.3276
-15.7196 -15.363
-15.7294 -15.3984
-15.7392 -15.4337
-15.749 -15.4691
-15.7588 -15.5044
-15.7686 -15.5397
-15.7783 -15.575
-15.7881 -15.6103
-15.7978 -15.6456
-15.8076 -15.6809
-15.8173 -15.7161
-15.827 -15.7514
-15.8367 -15.7866
-15.8464 -15.8219
-15.8561 -15.8571
-15.8657 -15.8923
-15.8754 -15.9275
-15.885 -15.9627
-15.8947 -15.9979
-15.9043 -16.0331
-15.9139 -16.0682
-15.9235 -16.1034
-15.9331 -16.1385
-15.9427 -16.1737
-15.9523 -16.2088
-15.9619 -16.2439
-15.9714 -16.279
-15.981 -16.3141
-15.9905 -16.3492
-16.0001 -16.3843
-16.0096 -16.4193
-16.0191 -16.4544
-16.0286 -16.4894
-16.0381 -16.5245
-16.0476 -16.5595
-16.0571 -16.5945
-16.0665 -16.6295
-16.076 -16.6645
-16.0854 -16.6995
-16.0949 -16.7345
-16.1093 -16.7646
-16.0864 -16.7866
-16.0635 -16.8085
-16.0405 -16.8305
-16.0175 -16.8523
-15.9945 -16.8742
-15.9714 -16.896
-15.9484 -16.9178
-15.9252 -16.9396
-15.9021 -16.9613
-15.8789 -16.983
-15.8557 -17.0047
-15.8325 -17.0263
-15.8092 -17.0479
-15.7859 -17.0695
-15.7626 -17.091
-15.7393 -17.1125
-15.7159 -17.134
-15.6925 -17.1554
-15.669 -17.1768
-15.6456 -17.1982
-15.6221 -17.2196
-15.5985 -17.2409
-15.575 -17.2622
-15.5514 -17.2834
-15.5278 -17.3046
-15.5041 -17.3258
-15.4805 -17.347
-15.4568 -17.3681
-15.433 -17.3892
-15.4093 -17.4102
-15.3855 -17.4313
-15.3617 -17.4523
-15.3378 -17.4732
-15.314 -17.4941
-15.2901 -17.515
-15.2661 -17.5359
-15.2422 -17.5567
-15.2182 -17.5775
-15.1942 -17.5983
-15.1701 -17.619
-15.1461 -17.6397
-15.122 -17.6604
-15.0978 -17.681
-15.0737 -17.7016
-15.0495 -17.7222
-15.0253 -17.7427
-15.001 -17.7632
-14.9768 -17.7837
-14.9525 -17.8041
-14.9282 -17.8245
-14.9038 -17.8449
-14.8794 -17.8652
-14.855 -17.8855
-14.7851 -17.9433
-14.7606 -17.9635
-14.7361 -17.9836
-14.7115 -18.0037
-14.6869 -18.0238
-14.6623 -18.0438
-14.6377 -18.0638
-14.613 -18.0838
-14.5883 -18.1037
-14.5635 -18.1236
-14.5388 -18.1435
-14.514 -18.1633
-14.4892 -18.1831
-14.4643 -18.2029
-14.4395 -18.2226
-14.4146 -18.2423
-14.3896 -18.262
-14.3647 -18.2816
-14.3397 -18.3012
-14.3147 -18.3208
-14.2897 -18.3403
-14.2646 -18.3598
-14.2396 -18.3793
-14.2144 -18.3987
-14.1893 -18.4181
-14.1641 -18.4374
-14.139 -18.4568
-14.1137 -18.4761
-14.0885 -18.4953
-14.0632 -18.5145
-14.0379 -18.5337
-14.0126 -18.5529
-13.9873 -18.572
-13.9619 -18.5911
-13.9365 -18.6101
-13.9111 -18.6291
-13.8856 -18.6481
-13.8602 -18.667
-13.8347 -18.6859
-13.8091 -18.7048
-13.7836 -18.7237
-13.758 -18.7425
-13.7324 -18.7612
-13.7068 -18.78
-13.6811 -18.7987
-13.6554 -18.8173
-13.6297 -18.836
-13.604 -18.8545
-13.5782 -18.8731
-13.5525 -18.8916
-13.5266 -18.9101
-13.5008 -18.9286
-13.475 -18.947
-13.4491 -18.9654
-13.4222 -18.9455
-13.3896 -18.9297
-13.357 -18.9138
-13.3244 -18.898
-13.2918 -18.8821
-13.2592 -18.8663
-13.2265 -18.8504
-13.1939 -18.8345
-13.1613 -18.8186
-13.1286 -18.8027
-13.0959 -18.7868
-13.0633 -18.7708
-13.0306 -18.7549
-12.9979 -18.7389
-12.9652 -18.723
-12.9325 -18.707
-12.8998 -18.691
-12.8671 -18.675
-12.8344 -18.659
-12.8017 -18.6429
-12.7689 -18.6269
-12.7362 -18.6109
-12.7034 -18.5948
-12.6707 -18.5787
-12.6379 -18.5626
-12.6051 -18.5465
-12.5723 -18.5304
-12.5395 -18.5143
-12.5067 -18.4982
-12.4739 -18.482
-12.4411 -18.4659
-12.4083 -18.4497
-12.3754 -18.4335
-12.3426 -18.4173
-12.3097 -18.4011
-12.2769 -18.3849
-12.244 -18.3687
-12.2111 -18.3524
-12.1782 -18.3362
-12.1453 -18.3199
-12.1124 -18.3036
-12.0795 -18.2873
-12.0466 -18.271
-12.0137 -18.2547
-11.9807 -18.2383
-11.9478 -18.222
-11.9148 -18.2056
-11.8819 -18.1893
-11.8489 -18.1729
-11.8159 -18.1565
-11.7829 -18.14
-11.7499 -18.1236
-11.7169 -18.1072
-11.6839 -18.0907
-11.6509 -18.0742
-11.6178 -18.0578
-11.5848 -18.0413
-11.5517 -18.0247
-11.5187 -18.0082
-11.4856 -17.9917
-11.4525 -17.9751
-11.4194 -17.9586
-11.3863 -17.942
-11.3863 -17.942
-11.3872 -17.979
-11.3881 -18.016
-11.389 -18.053
-11.3899 -18.0899
-11.3908 -18.1269
-11.3917 -18.1638
-11.3925 -18.2007
-11.3934 -18.2376
-11.3942 -18.2745
-11.395 -18.3114
-11.3959 -18.3483
-11.3967 -18.3851
-11.3975 -18.422
-11.3983 -18.4588
-11.3991 -18.4956
-11.3999 -18.5324
-11.4006 -18.5692
-11.4014 -18.606
-11.4022 -18.6427
-11.4029 -18.6795
-11.4036 -18.7162
-11.4044 -18.7529
-11.4051 -18.7897
-11.4058 -18.8263
-11.4065 -18.863
-11.4072 -18.8997
-11.4079 -18.9363
-11.4086 -18.973
-11.4093 -19.0096
-11.4099 -19.0462
-11.4106 -19.0828
-11.4113 -19.1194
-11.4119 -19.156
-11.4125 -19.1926
-11.4132 -19.2291
-11.4138 -19.2656
-11.4144 -19.3022
-11.415 -19.3387
-11.4156 -19.3752
-11.4162 -19.4117
-11.4168 -19.4481
-11.4174 -19.4846
-11.418 -19.5211
-11.4185 -19.5575
-11.4191 -19.5939
-11.4196 -19.6303
-11.4202 -19.6667
-11.4207 -19.7031
-11.4212 -19.7395
-11.4218 -19.7759
-11.4223 -19.8122
-11.4228 -19.8486
-11.4233 -19.8849
-11.4238 -19.9212
-11.4243 -19.9575
-11.4248 -19.9938
-11.4252 -20.0301
-11.4257 -20.0664
-11.4262 -20.1026
-11.4266 -20.1389
-11.4271 -20.1751
-11.4275 -20.2114
-11.434 -20.2441
-11.4064 -20.2597
-11.3787 -20.2753
-11.351 -20.2908
-11.3233 -20.3063
-11.2956 -20.3217
-11.2678 -20.3371
-11.24 -20.3525
-11.2122 -20.3678
-11.1844 -20.3831
-11.1566 -20.3984
-11.1287 -20.4136
-11.1008 -20.4288
-11.0729 -20.4439
-11.045 -20.459
-11.017 -20.4741
-10.9891 -20.4891
-10.9611 -20.5041
-10.9331 -20.519
-10.9051 -20.5339
-10.877 -20.5488
-10.8489 -20.5636
-10.8208 -20.5784
-10.7927 -20.5932
-10.7646 -20.6079
-10.7365 -20.6226
-10.7083 -20.6372
-10.6801 -20.6518
-10.6519 -20.6664
-10.6237 -20.6809
-10.5954 -20.6954
-10.5672 -20.7098
-10.5389 -20.7243
-10.5106 -20.7386
-10.4822 -20.753
-10.4539 -20.7673
-10.4255 -20.7815
-10.3971 -20.7957
-10.3687 -20.8099
-10.3403 -20.824
-10.3119 -20.8381
-10.2834 -20.8522
-10.2549 -20.8662
-10.2264 -20.8802
-10.1979 -20.8941
-10.1694 -20.9081
-10.1408 -20.9219
-10.1122 -20.9357
-10.0836 -20.9495
-10.055 -20.9633
-10.0264 -20.977
-9.99773 -20.9907
-9.96906 -21.0043
-9.94037 -21.0179
-9.85833 -21.0565
-9.82957 -21.0699
-9.80079 -21.0833
-9.77199 -21.0967
-9.74318 -21.11
-9.71434 -21.1233
-9.68549 -21.1365
-9.65662 -21.1498
-9.62774 -21.1629
-9.59883 -21.176
-9.56991 -21.1891
-9.54097 -21.2022
-9.51201 -21.2152
-9.48303 -21.2282
-9.45404 -21.2411
-9.42503 -21.254
-9.396 -21.2668
-9.36695 -21.2796
-9.33789 -21.2924
-9.3088 -21.3051
-9.2797 -21.3178
-9.25059 -21.3305
-9.22145 -21.3431
-9.1923 -21.3557
-9.16314 -21.3682
-9.13395 -21.3807
-9.10475 -21.3931
-9.07553 -21.4055
-9.04629 -21.4179
-9.01704 -21.4302
-8.98777 -21.4425
-8.95848 -21.4548
-8.92918 -21.467
-8.89986 -21.4792
-8.87052 -21.4913
-8.84117 -21.5034
-8.8118 -21.5155
-8.78242 -21.5275
-8.75301 -21.5394
-8.7236 -21.5514
-8.69416 -21.5633
-8.66471 -21.5751
-8.63524 -21.5869
-8.60576 -21.5987
-8.57626 -21.6104
-8.54674 -21.6221
-8.51721 -21.6338
-8.48767 -21.6454
-8.4581 -21.6569
-8.42853 -21.6685
-8.39893 -21.68
-8.36932 -21.6914
-8.33969 -21.7028
-8.31005 -21.7142
-8.28895 -21.6883
-8.26132 -21.6648
-8.23368 -21.6414
-8.20604 -21.6179
-8.1784 -21.5945
-8.15075 -21.571
-8.12309 -21.5475
-8.09543 -21.524
-8.06777 -21.5005
-8.0401 -21.4769
-8.01243 -21.4534
-7.98475 -21.4298
-7.95707 -21.4062
-7.92938 -21.3827
-7.90169 -21.3591
-7.87399 -21.3355
-7.84629 -21.3118
-7.81858 -21.2882
-7.79087 -21.2645
-7.76316 -21.2409
-7.73543 -21.2172
-7.70771 -21.1935
-7.67998 -21.1698
-7.65224 -21.1461
-7.6245 -21.1224
-7.59675 -21.0986
-7.569 -21.0749
-7.54125 -21.0511
-7.51349 -21.0273
-7.48572 -21.0035
-7.45795 -20.9797
-7.43018 -20.9559
-7.40239 -20.932
-7.37461 -20.9082
-7.34682 -20.8843
-7.31902 -20.8604
-7.29122 -20.8365
-7.26342 -20.8126
-7.23561 -20.7887
-7.20779 -20.7648
-7.17997 -20.7408
-7.15214 -20.7168
-7.12431 -20.6928
-7.09648 -20.6688
-7.06864 -20.6448
-7.04079 -20.6208
-7.01294 -20.5968
-6.98508 -20.5727
-6.95722 -20.5486
-6.92935 -20.5245
-6.90148 -20.5004
-6.8736 -20.4763
-6.84572 -20.4522
-6.81783 -20.428
-6.78994 -20.4039
-6.76204 -20.3797
-6.73414 -20.3555
-6.70623 -20.3313
-6.67832 -20.307
-6.6504 -20.2828
-6.62248 -20.2585
-6.59455 -20.2342
-6.56661 -20.21
-6.56661 -20.21
-6.55829 -20.246
-6.54997 -20.2821
-6.54164 -20.3181
-6.5333 -20.3542
-6.52496 -20.3902
-6.51661 -20.4262
-6.50826 -20.4621
-6.49991 -20.4981
-6.49155 -20.534
-6.48318 -20.57
-6.47481 -20.6059
-6.46644 -20.6418
-6.45806 -20.6777
-6.44967 -20.7135
-6.44128 -20.7494
-6.43289 -20.7852
-6.42449 -20.8211
-6.41608 -20.8569
-6.40767 -20.8927
-6.39926 -20.9284
-6.39084 -20.9642
-6.38242 -20.9999
-6.37399 -21.0357
-6.36556 -21.0714
-6.35713 -21.1071
-6.34869 -21.1428
-6.34024 -21.1785
-6.33179 -21.2141
-6.32334 -21.2498
-6.31488 -21.2854
-6.30642 -21.321
-6.29795 -21.3566
-6.28948 -21.3922
-6.28101 -21.4278
-6.27253 -21.4633
-6.26405 -21.4989
-6.25556 -21.5344
-6.24707 -21.5699
-6.23857 -21.6054
-6.23008 -21.6409
-6.22157 -21.6764
-6.21307 -21.7119
-6.20455 -21.7473
-6.19604 -21.7827
-6.18752 -21.8182
-6.179 -21.8536
-6.17047 -21.889
-6.16194 -21.9243
-6.15341 -21.9597
-6.14487 -21.9951
-6.13633 -22.0304
-6.12779 -22.0657
-6.11924 -22.101
-6.11069 -22.1363
-6.10213 -22.1716
-6.09357 -22.2069
-6.08501 -22.2422
-6.07644 -22.2774
-6.06787 -22.3127
-6.0593 -22.3479
-6.05072 -22.3831
-6.04214 -22.4183
-6.0403 -22.4517
-6.00964 -22.4599
-5.97896 -22.4681
-5.94828 -22.4762
-5.91759 -22.4843
-5.88688 -22.4924
-5.85616 -22.5004
-5.82543 -22.5084
-5.7947 -22.5163
-5.76395 -22.5242
-5.73319 -22.532
-5.70241 -22.5399
-5.67163 -22.5476
-5.64084 -22.5553
-5.61004 -22.563
-5.57922 -22.5707
-5.5484 -22.5783
-5.51757 -22.5858
-5.48672 -22.5933
-5.45587 -22.6008
-5.425 -22.6082
-5.39413 -22.6156
-5.36324 -22.623
-5.33235 -22.6303
-5.30144 -22.6375
-5.27053 -22.6447
-5.23961 -22.6519
-5.20867 -22.659
-5.17773 -22.6661
-5.14677 -22.6732
-5.11581 -22.6802
-5.08484 -22.6872
-5.05385 -22.6941
-5.02286 -22.701
-4.99186 -22.7078
-4.96085 -22.7146
-4.92983 -22.7213
-4.8988 -22.728
-4.86777 -22.7347
-4.83672 -22.7413
-4.80566 -22.7479
-4.7746 -22.7545
-4.74352 -22.761
-4.71244 -22.7674
-4.68135 -22.7738
-4.65025 -22.7802
-4.61914 -22.7865
-4.58802 -22.7928
-4.5569 -22.7991
-4.52576 -22.8053
-4.49462 -22.8114
-4.46347 -22.8175
-4.43231 -22.8236
-4.40114 -22.8296
-4.31207 -22.8466
-4.28087 -22.8525
-4.24967 -22.8583
-4.21845 -22.8641
-4.18723 -22.8698
-4.156 -22.8755
-4.12476 -22.8812
-4.09351 -22.8868
-4.06226 -22.8924
-4.031 -22.8979
-3.99973 -22.9034
-3.96845 -22.9088
-3.93717 -22.9142
-3.90588 -22.9196
-3.87458 -22.9249
-3.84327 -22.9301
-3.81196 -22.9354
-3.78064 -22.9406
-3.74931 -22.9457
-3.71798 -22.9508
-3.68664 -22.9559
-3.65529 -22.9609
-3.62394 -22.9658
-3.59257 -22.9708
-3.56121 -22.9756
-3.52983 -22.9805
-3.49845 -22.9853
-3.46706 -22.99
-3.43567 -22.9948
-3.40427 -22.9994
-3.37286 -23.004
-3.34145 -23.0086
-3.31003 -23.0132
-3.2786 -23.0177
-3.24717 -23.0221
-3.21573 -23.0265
-3.18429 -23.0309
-3.15284 -23.0352
-3.12138 -23.0395
-3.08992 -23.0438
-3.05845 -23.048
-3.02698 -23.0521
-2.9955 -23.0562
-2.96402 -23.0603
-2.93253 -23.0643
-2.90103 -23.0683
-2.86953 -23.0722
-2.83803 -23.0761
-2.80652 -23.08
-2.775 -23.0838
-2.74348 -23.0876
-2.71195 -23.0913
-2.68042 -23.095
-2.64888 -23.0986
-2.63488 -23.0683
-2.61395 -23.0387
-2.59301 -23.0091
-2.57207 -22.9795
-2.55113 -22.9499
-2.53019 -22.9203
-2.50925 -22.8907
-2.48831 -22.861
-2.46736 -22.8313
-2.44642 -22.8017
-2.42547 -22.772
-2.40452 -22.7423
-2.38357 -22.7126
-2.36261 -22.6828
-2.34166 -22.6531
-2.3207 -22.6233
-2.29975 -22.5936
-2.27879 -22.5638
-2.25783 -22.534
-2.23687 -22.5042
-2.21591 -22.4744
-2.19494 -22.4445
-2.17398 -22.4147
-2.15301 -22.3848
-2.13204 -22.3549
-2.11107 -22.325
-2.0901 -22.2951
-2.06913 -22.2652
-2.04816 -22.2352
-2.02718 -22.2053
-2.0062 -22.1753
-1.98523 -22.1453
-1.96425 -22.1153
-1.94327 -22.0853
-1.92229 -22.0553
-1.9013 -22.0252
-1.88032 -21.9952
-1.85933 -21.9651
-1.83835 -21.935
-1.81736 -21.9049
-1.79637 -21.8748
-1.77538 -21.8446
-1.75439 -21.8145
-1.73339 -21.7843
-1.7124 -21.7541
-1.6914 -21.7239
-1.67041 -21.6937
-1.64941 -21.6635
-1.62841 -21.6332
-1.60741 -21.603
-1.58641 -21.5727
-1.56541 -21.5424
-1.5444 -21.5121
-1.5234 -21.4818
-1.50239 -21.4514
-1.48138 -21.4211
-1.46037 -21.3907
-1.43936 -21.3603
-1.41835 -21.3299
-1.39734 -21.2995
-1.37633 -21.269
-1.35531 -21.2385
-1.3343 -21.2081
-1.3343 -21.2081
-1.31727 -21.2409
-1.30024 -21.2738
-1.28321 -21.3066
-1.26617 -21.3395
-1.24914 -21.3723
-1.23211 -21.405
-1.21507 -21.4378
-1.19803 -21.4706
-1.181 -21.5033
-1.16396 -21.536
-1.14692 -21.5687
-1.12988 -21.6014
-1.11284 -21.6341
-1.09579 -21.6668
-1.07875 -21.6994
-1.06171 -21.732
-1.04466 -21.7646
-1.02762 -21.7972
-1.01057 -21.8298
-0.993526 -21.8624
-0.976479 -21.8949
-0.959431 -21.9274
-0.942383 -21.9599
-0.925334 -21.9924
-0.908284 -22.0249
-0.891233 -22.0574
-0.874182 -22.0899
-0.85713 -22.1223
-0.840078 -22.1547
-0.823025 -22.1871
-0.805972 -22.2195
-0.788918 -22.2519
-0.771863 -22.2843
-0.754808 -22.3166
-0.737753 -22.3489
-0.720697 -22.3813
-0.70364 -22.4136
-0.686583 -22.4459
-0.669526 -22.4781
-0.652468 -22.5104
-0.63541 -22.5426
-0.618351 -22.5749
-0.601292 -22.6071
-0.584233 -22.6393
-0.567173 -22.6715
-0.550113 -22.7037
-0.533052 -22.7358
-0.515992 -22.768
-0.49893 -22.8001
-0.481869 -22.8322
-0.464807 -22.8643
-0.447745 -22.8964
-0.430683 -22.9285
-0.413621 -22.9606
-0.396558 -22.9926
-0.379495 -23.0247
-0.362432 -23.0567
-0.345368 -23.0887
-0.328305 -23.1207
-0.311241 -23.1527
-0.294177 -23.1846
-0.277113 -23.2166
-0.26703 -23.2485
-0.235285 -23.2488
-0.203541 -23.2491
-0.171796 -23.2494
-0.14005 -23.2496
-0.108305 -23.2497
-0.076559 -23.2499
-0.0448131 -23.25
-0.0130671 -23.25
0.0186789 -23.25
0.0504249 -23.2499
0.0821708 -23.2499
0.113917 -23.2497
0.145662 -23.2495
0.177407 -23.2493
0.209152 -23.2491
0.240897 -23.2488
0.272641 -23.2484
0.304385 -23.248
0.336128 -23.2476
0.36787 -23.2471
0.399612 -23.2466
0.431353 -23.246
0.463093 -23.2454
0.494832 -23.2447
0.52657 -23.244
0.558308 -23.2433
0.590044 -23.2425
0.621779 -23.2417
0.653513 -23.2408
0.685246 -23.2399
0.716978 -23.2389
0.748708 -23.2379
0.780437 -23.2369
0.812164 -23.2358
0.84389 -23.2347
0.875615 -23.2335
0.907337 -23.2323
0.939058 -23.231
0.970778 -23.2297
1.00249 -23.2284
1.03421 -23.227
1.06592 -23.2256
1.09764 -23.2241
1.12935 -23.2226
1.16105 -23.221
1.19276 -23.2194
1.22446 -23.2177
1.25616 -23.216
1.28786 -23.2143
1.31956 -23.2125
1.35125 -23.2107
1.38294 -23.2088
1.41463 -23.2069
1.50512 -23.2012
1.5368 -23.1992
1.56848 -23.197
1.60015 -23.1949
1.63182 -23.1927
1.66348 -23.1904
1.69515 -23.1881
1.72681 -23.1858
1.75846 -23.1834
1.79012 -23.181
1.82177 -23.1785
1.85341 -23.176
1.88506 -23.1735
1.9167 -23.1709
1.94833 -23.1682
1.97997 -23.1655
2.0116 -23.1628
2.04322 -23.16
2.07484 -23.1572
2.10646 -23.1544
2.13807 -23.1515
2.16968 -23.1485
2.20129 -23.1456
2.23289 -23.1425
2.26449 -23.1395
2.29608 -23.1363
2.32767 -23.1332
2.35925 -23.13
2.39083 -23.1267
2.42241 -23.1235
2.45398 -23.1201
2.48554 -23.1168
2.51711 -23.1133
2.54866 -23.1099
2.58022 -23.1064
2.61176 -23.1028
2.64331 -23.0993
2.67484 -23.0956
2.70638 -23.0919
2.7379 -23.0882
2.76943 -23.0845
2.80094 -23.0807
2.83246 -23.0768
2.86396 -23.0729
2.89547 -23.069
2.92696 -23.065
2.95845 -23.061
2.98994 -23.0569
3.02142 -23.0528
3.05289 -23.0487
3.08436 -23.0445
3.11582 -23.0403
3.14728 -23.036
3.17873 -23.0317
3.18474 -22.9988
3.19766 -22.965
3.21059 -22.9311
3.22351 -22.8972
3.23642 -22.8633
3.24934 -22.8294
3.26226 -22.7955
3.27517 -22.7616
3.28808 -22.7277
3.30099 -22.6937
3.3139 -22.6598
3.3268 -22.6258
3.3397 -22.5918
3.35261 -22.5578
3.36551 -22.5238
3.3784 -22.4897
3.3913 -22.4557
3.40419 -22.4216
3.41708 -22.3875
3.42997 -22.3535
3.44286 -22.3194
3.45574 -22.2852
3.46862 -22.2511
3.4815 -22.217
3.49438 -22.1828
3.50726 -22.1486
3.52013 -22.1144
3.533 -22.0802
3.54587 -22.046
3.55873 -22.0118
3.5716 -21.9776
3.58446 -21.9433
3.59732 -21.909
3.61018 -21.8747
3.62303 -21.8404
3.63588 -21.8061
3.64873 -21.7718
3.66158 -21.7374
3.67442 -21.7031
3.68726 -21.6687
3.7001 -21.6343
3.71294 -21.5999
3.72577 -21.5654
3.7386 -21.531
3.75143 -21.4965
3.76426 -21.4621
3.77708 -21.4276
3.7899 -21.3931
3.80272 -21.3586
3.81553 -21.324
3.82834 -21.2895
3.84115 -21.2549
3.85396 -21.2203
3.86676 -21.1857
3.87956 -21.1511
3.89236 -21.1165
3.90515 -21.0818
3.91794 -21.0472
3.93073 -21.0125
3.94352 -20.9778
3.9563 -20.9431
3.96908 -20.9084
3.98185 -20.8736
3.98185 -20.8736
4.00652 -20.9012
4.03119 -20.9288
4.05585 -20.9564
4.08051 -20.9839
4.10517 -21.0115
4.12982 -21.039
4.15447 -21.0665
4.17912 -21.094
4.20376 -21.1214
4.2284 -21.1489
4.25304 -21.1763
4.27768 -21.2038
4.30231 -21.2312
4.32693 -21.2586
4.35156 -21.2859
4.37618 -21.3133
4.4008 -21.3406
4.42541 -21.368
4.45003 -21.3953
4.47463 -21.4226
4.49924 -21.4499
4.52384 -21.4771
4.54844 -21.5044
4.57304 -21.5316
4.59763 -21.5589
4.62222 -21.5861
4.6468 -21.6133
4.67139 -21.6404
4.69597 -21.6676
4.72054 -21.6948
4.74512 -21.7219
4.76969 -21.749
4.79426 -21.7761
4.81882 -21.8032
4.84338 -21.8303
4.86794 -21.8573
4.89249 -21.8844
4.91704 -21.9114
4.94159 -21.9384
4.96614 -21.9654
4.99068 -21.9924
5.01522 -22.0194
5.03975 -22.0464
5.06428 -22.0733
5.08881 -22.1003
5.11334 -22.1272
5.13786 -22.1541
5.16238 -22.181
5.1869 -22.2079
5.21141 -22.2347
5.23592 -22.2616
5.26043 -22.2884
5.28493 -22.3153
5.30943 -22.3421
5.33393 -22.3689
5.35843 -22.3957
5.38292 -22.4224
5.4074 -22.4492
5.43189 -22.476
5.45637 -22.5027
5.48085 -22.5294
5.50533 -22.5561
5.52302 -22.5845
5.55385 -22.5769
5.58467 -22.5693
5.61548 -22.5617
5.64628 -22.554
5.67707 -22.5462
5.70785 -22.5385
5.73862 -22.5307
5.76938 -22.5228
5.80013 -22.5149
5.83087 -22.507
5.86159 -22.499
5.89231 -22.491
5.92301 -22.4829
5.95371 -22.4748
5.98439 -22.4666
6.01506 -22.4584
6.04572 -22.4502
6.07637 -22.4419
6.107 -22.4336
6.13763 -22.4253
6.16824 -22.4169
6.19885 -22.4084
6.22944 -22.3999
6.26002 -22.3914
6.29058 -22.3828
6.32114 -22.3742
6.35168 -22.3656
6.38222 -22.3569
6.41274 -22.3481
6.44325 -22.3394
6.47374 -22.3305
6.50423 -22.3217
6.5347 -22.3128
6.56516 -22.3038
6.59561 -22.2949
6.62604 -22.2858
6.65647 -22.2768
6.68688 -22.2676
6.71728 -22.2585
6.74766 -22.2493
6.77804 -22.2401
6.8084 -22.2308
6.83874 -22.2215
6.86908 -22.2121
6.8994 -22.2027
6.92971 -22.1933
6.96001 -22.1838
6.99029 -22.1743
7.02056 -22.1647
7.05082 -22.1551
7.08106 -22.1455
7.1113 -22.1358
7.14151 -22.126
7.22775 -22.098
7.25792 -22.0881
7.28807 -22.0782
7.31821 -22.0682
7.34833 -22.0582
7.37844 -22.0482
7.40854 -22.0381
7.43863 -22.0279
7.4687 -22.0177
7.49875 -22.0075
7.5288 -21.9973
7.55883 -21.987
7.58884 -21.9766
7.61884 -21.9662
7.64883 -21.9558
7.6788 -21.9454
7.70875 -21.9348
7.7387 -21.9243
7.76863 -21.9137
7.79854 -21.9031
7.82844 -21.8924
7.85833 -21.8817
7.8882 -21.871
7.91805 -21.8602
7.94789 -21.8493
7.97772 -21.8385
8.00753 -21.8276
8.03733 -21.8166
8.06711 -21.8056
8.09687 -21.7946
8.12663 -21.7835
8.15636 -21.7724
8.18608 -21.7612
8.21579 -21.75
8.24548 -21.7388
8.27515 -21.7275
8.30481 -21.7162
8.33446 -21.7048
8.36408 -21.6934
8.3937 -21.682
8.42329 -21.6705
8.45288 -21.659
8.48244 -21.6474
8.51199 -21.6358
8.54153 -21.6242
8.57104 -21.6125
8.60055 -21.6008
8.63003 -21.589
8.6595 -21.5772
8.68896 -21.5654
8.71839 -21.5535
8.74782 -21.5415
8.77722 -21.5296
8.80661 -21.5176
8.80425 -21.4842
8.80835 -21.4482
8.81245 -21.4122
8.81654 -21.3762
8.82063 -21.3402
8.82471 -21.3041
8.82878 -21.2681
8.83286 -21.232
8.83692 -21.1959
8.84098 -21.1598
8.84504 -21.1237
8.84909 -21.0876
8.85313 -21.0515
8.85717 -21.0153
8.8612 -20.9792
8.86523 -20.943
8.86925 -20.9068
8.87327 -20.8706
8.87728 -20.8344
8.88129 -20.7982
8.88529 -20.7619
8.88929 -20.7257
8.89328 -20.6894
8.89726 -20.6532
8.90124 -20.6169
8.90521 -20.5806
8.90918 -20.5443
8.91314 -20.5079
8.91709 -20.4716
8.92104 -20.4352
8.92498 -20.3989
8.92892 -20.3625
8.93285 -20.3261
8.93678 -20.2897
8.9407 -20.2533
8.94461 -20.2168
8.94852 -20.1804
8.95242 -20.1439
8.95631 -20.1074
8.9602 -20.0709
8.96408 -20.0344
8.96796 -19.9979
8.97183 -19.9614
8.97569 -19.9248
8.97955 -19.8882
8.9834 -19.8517
8.98724 -19.8151
8.99108 -19.7785
8.99491 -19.7418
8.99873 -19.7052
9.00255 -19.6686
9.00636 -19.6319
9.01016 -19.5952
9.01396 -19.5585
9.01775 -19.5218
9.02153 -19.4851
9.0253 -19.4483
9.02907 -19.4116
9.03284 -19.3748
9.03659 -19.338
9.04034 -19.3012
9.04408 -19.2644
9.04781 -19.2276
9.04781 -19.2276
9.07857 -19.2482
9.10932 -19.2688
9.14007 -19.2893
9.1708 -19.3099
9.20153 -19.3304
9.23226 -19.351
9.26297 -19.3715
9.29368 -19.392
9.32438 -19.4124
9.35508 -19.4329
9.38577 -19.4534
9.41645 -19.4738
9.44712 -19.4942
9.47779 -19.5146
9.50845 -19.535
9.5391 -19.5554
9.56974 -19.5758
9.60038 -19.5961
9.63101 -19.6164
9.66164 -19.6368
9.69225 -19.6571
9.72287 -19.6774
9.75347 -19.6976
9.78407 -19.7179
9.81466 -19.7382
9.84524 -19.7584
9.87582 -19.7786
9.90639 -19.7988
9.93695 -19.819
9.9675 -19.8392
9.99805 -19.8594
10.0286 -19.8795
10.0591 -19.8997
10.0897 -19.9198
10.1202 -19.9399
10.1507 -19.96
10.1812 -19.9801
10.2117 -20.0002
10.2422 -20.0203
10.2727 -20.0403
10.3032 -20.0604
10.3337 -20.0804
10.3641 -20.1004
10.3946 -20.1204
10.4251 -20.1404
10.4555 -20.1604
10.4859 -20.1803
10.5164 -20.2003
10.5468 -20.2202
10.5772 -20.2402
10.6077 -20.2601
10.6381 -20.28
10.6685 -20.2999
10.6989 -20.3198
10.7293 -20.3396
10.7597 -20.3595
10.79 -20.3793
10.8204 -20.3992
10.8508 -20.419
10.8811 -20.4388
10.9115 -20.4586
10.9418 -20.4784
10.966 -20.5014
10.994 -20.4864
11.022 -20.4714
11.0499 -20.4563
11.0778 -20.4412
11.1057 -20.4261
11.1336 -20.4109
11.1615 -20.3957
11.1893 -20.3804
11.2171 -20.3651
11.2449 -20.3498
11.2727 -20.3344
11.3005 -20.319
11.3282 -20.3036
11.3559 -20.2881
11.3836 -20.2725
11.4113 -20.257
11.4389 -20.2414
11.4665 -20.2257
11.4942 -20.2101
11.5217 -20.1944
11.5493 -20.1786
11.5768 -20.1628
11.6044 -20.147
11.6319 -20.1311
11.6593 -20.1152
11.6868 -20.0993
11.7142 -20.0833
11.7416 -20.0673
11.769 -20.0512
11.7964 -20.0352
11.8237 -20.019
11.8511 -20.0029
11.8784 -19.9867
11.9056 -19.9704
11.9329 -19.9542
11.9601 -19.9378
11.9873 -19.9215
12.0145 -19.9051
12.0417 -19.8887
12.0688 -19.8722
12.096 -19.8557
12.1231 -19.8392
12.1501 -19.8226
12.1772 -19.806
12.2042 -19.7894
12.2312 -19.7727
12.2582 -19.756
12.2852 -19.7392
12.3121 -19.7224
12.3391 -19.7056
12.366 -19.6887
12.3928 -19.6718
12.4197 -19.6549
12.4962 -19.6063
12.523 -19.5892
12.5497 -19.5721
12.5764 -19.5549
12.6031 -19.5378
12.6298 -19.5205
12.6564 -19.5033
12.6831 -19.486
12.7096 -19.4686
12.7362 -19.4513
12.7628 -19.4338
12.7893 -19.4164
12.8158 -19.3989
12.8423 -19.3814
12.8687 -19.3639
12.8951 -19.3463
12.9215 -19.3286
12.9479 -19.311
12.9743 -19.2933
13.0006 -19.2755
13.0269 -19.2578
13.0532 -19.24
13.0795 -19.2221
13.1057 -19.2043
13.1319 -19.1863
13.1581 -19.1684
13.1842 -19.1504
13.2104 -19.1324
13.2365 -19.1143
13.2626 -19.0962
13.2886 -19.0781
13.3147 -19.06
13.3407 -19.0418
13.3667 -19.0235
13.3926 -19.0053
13.4186 -18.9869
13.4445 -18.9686
13.4704 -18.9502
13.4962 -18.9318
13.5221 -18.9134
13.5479 -18.8949
13.5737 -18.8764
13.5994 -18.8578
13.6252 -18.8392
13.6509 -18.8206
13.6766 -18.802
13.7022 -18.7833
13.7279 -18.7645
13.7535 -18.7458
13.7791 -18.727
13.8046 -18.7082
13.8302 -18.6893
13.8557 -18.6704
13.8811 -18.6514
13.8706 -18.6197
13.8656 -18.5839
13.8606 -18.548
13.8556 -18.5121
13.8506 -18.4761
13.8456 -18.4402
13.8406 -18.4043
13.8355 -18.3683
13.8305 -18.3324
13.8255 -18.2964
13.8204 -18.2604
13.8153 -18.2244
13.8103 -18.1884
13.8052 -18.1524
13.8001 -18.1164
13.795 -18.0803
13.7899 -18.0443
13.7848 -18.0082
13.7797 -17.9722
13.7746 -17.9361
13.7694 -17.9
13.7643 -17.8639
13.7591 -17.8278
13.754 -17.7916
13.7488 -17.7555
13.7436 -17.7194
13.7384 -17.6832
13.7332 -17.647
13.728 -17.6108
13.7228 -17.5747
13.7176 -17.5384
13.7123 -17.5022
13.7071 -17.466
13.7019 -17.4298
13.6966 -17.3935
13.6913 -17.3572
13.686 -17.321
13.6807 -17.2847
13.6754 -17.2484
13.6701 -17.2121
13.6648 -17.1757
13.6595 -17.1394
13.6542 -17.103
13.6488 -17.0667
13.6434 -17.0303
13.6381 -16.9939
13.6327 -16.9575
13.6273 -16.9211
13.6219 -16.8847
13.6165 -16.8482
13.6111 -16.8118
13.6057 -16.7753
13.6002 -16.7389
13.5948 -16.7024
13.5893 -16.6659
13.5838 -16.6294
13.5784 -16.5928
13.5729 -16.5563
13.5674 -16.5197
13.5619 -16.4832
13.5563 -16.4466
13.5508 -16.41
13.5453 -16.3734
13.5453 -16.3734
13.5802 -16.3857
13.6151 -16.398
13.65 -16.4103
13.6849 -16.4225
13.7197 -16.4348
13.7546 -16.447
13.7894 -16.4593
13.8243 -16.4715
13.8591 -16.4837
13.8939 -16.4959
13.9287 -16.508
13.9635 -16.5202
13.9983 -16.5324
14.0331 -16.5445
14.0679 -16.5566
14.1026 -16.5687
14.1374 -16.5809
14.1721 -16.5929
14.2068 -16.605
14.2416 -16.6171
14.2763 -16.6291
14.311 -16.6412
14.3457 -16.6532
14.3803 -16.6652
14.415 -16.6772
14.4496 -16.6892
14.4843 -16.7012
14.5189 -16.7132
14.5536 -16.7252
14.5882 -16.7371
14.6228 -16.7491
14.6574 -16.761
14.692 -16.7729
14.7265 -16.7848
14.7611 -16.7967
14.7957 -16.8086
14.8302 -16.8205
14.8647 -16.8323
14.8993 -16.8442
14.9338 -16.856
14.9683 -16.8678
15.0028 -16.8797
15.0373 -16.8915
15.0718 -16.9033
15.1062 -16.9151
15.1407 -16.9268
15.1752 -16.9386
15.2096 -16.9504
15.244 -16.9621
15.2785 -16.9738
15.3129 -16.9856
15.3473 -16.9973
15.3817 -17.009
15.4161 -17.0207
15.4504 -17.0324
15.4848 -17.044
15.5192 -17.0557
15.5535 -17.0673
15.5879 -17.079
15.6222 -17.0906
15.6565 -17.1023
15.6908 -17.1139
15.72 -17.1302
15.7434 -17.1087
15.7667 -17.0872
15.7901 -17.0657
15.8133 -17.0441
15.8366 -17.0225
15.8598 -17.0008
15.883 -16.9792
15.9062 -16.9575
15.9293 -16.9357
15.9524 -16.914
15.9755 -16.8922
15.9986 -16.8703
16.0216 -16.8485
16.0446 -16.8266
16.0675 -16.8047
16.0905 -16.7827
16.1134 -16.7607
16.1362 -16.7387
16.1591 -16.7167
16.1819 -16.6946
16.2047 -16.6725
16.2274 -16.6503
16.2501 -16.6281
16.2728 -16.6059
16.2955 -16.5837
16.3181 -16.5614
16.3407 -16.5391
16.3633 -16.5168
16.3858 -16.4945
16.4083 -16.4721
16.4308 -16.4497
16.4533 -16.4272
16.4757 -16.4047
16.498 -16.3822
16.5204 -16.3597
16.5427 -16.3371
16.565 -16.3145
16.5873 -16.2919
16.6095 -16.2692
16.6317 -16.2465
16.6539 -16.2238
16.676 -16.201
16.6981 -16.1782
16.7202 -16.1554
16.7422 -16.1326
16.7642 -16.1097
16.7862 -16.0868
16.8082 -16.0639
16.8301 -16.0409
16.852 -16.0179
16.8738 -15.9949
16.8957 -15.9718
16.9175 -15.9487
16.9795 -15.8826
17.0012 -15.8594
17.0228 -15.8362
17.0444 -15.813
17.066 -15.7897
17.0876 -15.7664
17.1091 -15.743
17.1306 -15.7196
17.152 -15.6962
17.1734 -15.6728
17.1948 -15.6493
17.2162 -15.6258
17.2375 -15.6023
17.2588 -15.5788
17.28 -15.5552
17.3012 -15.5316
17.3224 -15.5079
17.3436 -15.4843
17.3647 -15.4606
17.3858 -15.4368
17.4069 -15.4131
17.4279 -15.3893
17.4489 -15.3655
17.4699 -15.3417
17.4908 -15.3178
17.5117 -15.2939
17.5326 -15.27
17.5534 -15.246
17.5742 -15.222
17.595 -15.198
17.6157 -15.174
17.6364 -15.1499
17.6571 -15.1258
17.6777 -15.1017
17.6983 -15.0775
17.7189 -15.0534
17.7394 -15.0292
17.7599 -15.0049
17.7804 -14.9807
17.8008 -14.9564
17.8212 -14.9321
17.8416 -14.9077
17.8619 -14.8833
17.8822 -14.8589
17.9025 -14.8345
17.9228 -14.81
17.943 -14.7856
17.9631 -14.761
17.9833 -14.7365
18.0034 -14.7119
18.0235 -14.6873
18.0435 -14.6627
18.0635 -14.6381
18.0835 -14.6134
18.0653 -14.5853
18.0516 -14.5518
18.0378 -14.5183
18.0241 -14.4847
18.0103 -14.4512
17.9965 -14.4176
17.9827 -14.3841
17.9689 -14.3505
17.9551 -14.3169
17.9412 -14.2833
17.9274 -14.2497
17.9135 -14.2161
17.8997 -14.1825
17.8858 -14.1489
17.8719 -14.1153
17.858 -14.0816
17.8441 -14.048
17.8302 -14.0143
17.8163 -13.9807
17.8023 -13.947
17.7884 -13.9133
17.7744 -13.8796
17.7605 -13.8459
17.7465 -13.8122
17.7325 -13.7785
17.7185 -13.7448
17.7044 -13.711
17.6904 -13.6773
17.6764 -13.6435
17.6623 -13.6098
17.6483 -13.576
17.6342 -13.5422
17.6201 -13.5085
17.606 -13.4747
17.5919 -13.4408
17.5777 -13.407
17.5636 -13.3732
17.5495 -13.3394
17.5353 -13.3055
17.5211 -13.2717
17.5069 -13.2378
17.4927 -13.2039
17.4785 -13.1701
17.4643 -13.1362
17.4501 -13.1023
17.4358 -13.0684
17.4216 -13.0344
17.4073 -13.0005
17.393 -12.9666
17.3787 -12.9326
17.3644 -12.8987
17.3501 -12.8647
17.3357 -12.8307
17.3214 -12.7968
17.307 -12.7628
17.2926 -12.7288
17.2782 -12.6947
17.2638 -12.6607
17.2494 -12.6267
17.235 -12.5926
17.2205 -12.5586
17.2061 -12.5245
17.1916 -12.4904
17.1916 -12.4904
17.2285 -12.4937
17.2654 -12.4969
17.3022 -12.5001
17.339 -12.5033
17.3759 -12.5065
17.4127 -12.5097
17.4495 -12.5129
17.4863 -12.516
17.523 -12.5192
17.5598 -12.5223
17.5965 -12.5255
17.6333 -12.5286
17.67 -12.5317
17.7067 -12.5348
17.7434 -12.5379
17.7801 -12.541
17.8167 -12.5441
17.8534 -12.5472
17.89 -12.5502
17.9266 -12.5533
17.9633 -12.5563
17.9999 -12.5594
18.0364 -12.5624
18.073 -12.5654
18.1096 -12.5684
18.1461 -12.5714
18.1827 -12.5744
18.2192 -12.5774
18.2557 -12.5804
18.2922 -12.5834
18.3287 -12.5863
18.3652 -12.5893
18.4016 -12.5922
18.4381 -12.5951
18.4745 -12.5981
18.511 -12.601
18.5474 -12.6039
18.5838 -12.6068
18.6202 -12.6097
18.6565 -12.6126
18.6929 -12.6154
18.7293 -12.6183
18.7656 -12.6212
18.8019 -12.624
18.8383 -12.6269
18.8746 -12.6297
18.9109 -12.6325
18.9471 -12.6354
18.9834 -12.6382
19.0197 -12.641
19.0559 -12.6438
19.0922 -12.6466
19.1284 -12.6493
19.1646 -12.6521
19.2008 -12.6549
19.237 -12.6576
19.2732 -12.6604
19.3094 -12.6631
19.3455 -12.6659
19.3817 -12.6686
19.4178 -12.6713
19.4539 -12.6741
19.4862 -12.6826
19.5035 -12.656
19.5208 -12.6294
19.538 -12.6027
19.5552 -12.576
19.5724 -12.5493
19.5895 -12.5225
19.6066 -12.4958
19.6236 -12.469
19.6406 -12.4422
19.6576 -12.4154
19.6745 -12.3885
19.6914 -12.3616
19.7083 -12.3347
19.7251 -12.3078
19.7419 -12.2809
19.7586 -12.2539
19.7754 -12.2269
19.792 -12.1999
19.8087 -12.1729
19.8253 -12.1458
19.8418 -12.1187
19.8584 -12.0916
19.8749 -12.0645
19.8913 -12.0374
19.9077 -12.0102
19.9241 -11.983
19.9405 -11.9558
19.9568 -11.9285
19.973 -11.9013
19.9893 -11.874
20.0055 -11.8467
20.0216 -11.8194
20.0377 -11.792
20.0538 -11.7646
20.0699 -11.7372
20.0859 -11.7098
20.1018 -11.6824
20.1178 -11.6549
20.1337 -11.6275
20.1495 -11.6
20.1654 -11.5724
20.1811 -11.5449
20.1969 -11.5173
20.2126 -11.4897
20.2283 -11.4621
20.2439 -11.4345
20.2595 -11.4068
20.275 -11.3792
20.2906 -11.3515
20.306 -11.3238
20.3215 -11.296
20.3369 -11.2683
20.3523 -11.2405
20.3959 -11.161
20.4112 -11.1332
20.4263 -11.1053
20.4415 -11.0774
20.4566 -11.0495
20.4717 -11.0215
20.4867 -10.9936
20.5017 -10.9656
20.5166 -10.9376
20.5315 -10.9095
20.5464 -10.8815
20.5613 -10.8534
20.5761 -10.8254
20.5908 -10.7972
20.6055 -10.7691
20.6202 -10.741
20.6349 -10.7128
20.6495 -10.6846
20.6641 -10.6564
20.6786 -10.6282
20.6931 -10.6
20.7075 -10.5717
20.7219 -10.5434
20.7363 -10.5151
20.7507 -10.4868
20.765 -10.4584
20.7792 -10.4301
20.7934 -10.4017
20.8076 -10.3733
20.8218 -10.3449
20.8359 -10.3164
20.8499 -10.288
20.864 -10.2595
20.878 -10.231
20.8919 -10.2025
20.9058 -10.1739
20.9197 -10.1454
20.9335 -10.1168
20.9473 -10.0882
20.9611 -10.0596
20.9748 -10.031
20.9885 -10.0023
21.0021 -9.97366
21.0157 -9.94497
21.0293 -9.91627
21.0428 -9.88754
21.0563 -9.8588
21.0697 -9.83004
21.0831 -9.80126
21.0965 -9.77247
21.1098 -9.74365
21.1231 -9.71482
21.1363 -9.68597
21.1495 -9.6571
21.125 -9.63441
21.1033 -9.60536
21.0817 -9.57631
21.06 -9.54725
21.0383 -9.51819
21.0166 -9.48912
20.9949 -9.46004
20.9732 -9.43096
20.9514 -9.40188
20.9297 -9.37278
20.9079 -9.34369
20.8862 -9.31459
20.8644 -9.28548
20.8426 -9.25636
20.8208 -9.22724
20.7989 -9.19812
20.7771 -9.16899
20.7553 -9.13985
20.7334 -9.11071
20.7115 -9.08156
20.6896 -9.05241
20.6677 -9.02325
20.6458 -8.99409
20.6239 -8.96492
20.6019 -8.93574
20.58 -8.90656
20.558 -8.87737
20.536 -8.84818
20.514 -8.81898
20.492 -8.78977
20.47 -8.76056
20.448 -8.73134
20.4259 -8.70212
20.4039 -8.67289
20.3818 -8.64366
20.3597 -8.61442
20.3376 -8.58517
20.3155 -8.55592
20.2933 -8.52666
20.2712 -8.4974
20.249 -8.46813
20.2269 -8.43885
20.2047 -8.40957
20.1825 -8.38028
20.1603 -8.35099
20.138 -8.32169
20.1158 -8.29238
20.0935 -8.26307
20.0712 -8.23375
20.0489 -8.20443
20.0266 -8.1751
20.0043 -8.14576
19.982 -8.11642
19.9596 -8.08707
19.9372 -8.05771
19.9149 -8.02835
19.8925 -7.99898
19.8701 -7.96961
19.8476 -7.94023
19.8252 -7.91084
19.8027 -7.88145
19.7802 -7.85205
19.7578 -7.82265
19.7578 -7.82265
19.7943 -7.81661
19.8308 -7.81056
19.8673 -7.80451
19.9038 -7.79846
19.9402 -7.79239
19.9767 -7.78632
20.0131 -7.78025
20.0495 -7.77417
20.0859 -7.76808
20.1223 -7.76199
20.1587 -7.75589
20.195 -7.74978
20.2314 -7.74367
20.2677 -7.73756
20.304 -7.73143
20.3403 -7.72531
20.3766 -7.71917
20.4128 -7.71303
20.4491 -7.70689
20.4853 -7.70074
20.5215 -7.69458
20.5577 -7.68842
20.5939 -7.68226
20.6301 -7.67608
20.6663 -7.66991
20.7024 -7.66372
20.7386 -7.65754
20.7747 -7.65134
20.8108 -7.64514
20.8469 -7.63894
20.883 -7.63273
20.919 -7.62652
20.9551 -7.6203
20.9911 -7.61407
21.0271 -7.60785
21.0631 -7.60161
21.0991 -7.59537
21.1351 -7.58913
21.1711 -7.58288
21.207 -7.57663
21.243 -7.57037
21.2789 -7.5641
21.3148 -7.55784
21.3507 -7.55156
21.3866 -7.54529
21.4225 -7.539
21.4583 -7.53272
21.4942 -7.52642
21.53 -7.52013
21.5658 -7.51383
21.6016 -7.50752
21.6374 -7.50121
21.6732 -7.4949
21.709 -7.48858
21.7447 -7.48226
21.7805 -7.47593
21.8162 -7.4696
21.8519 -7.46326
21.8876 -7.45692
21.9233 -7.45058
21.959 -7.44423
21.9947 -7.43787
22.0281 -7.43813
22.0382 -7.40805
22.0483 -7.37795
22.0584 -7.34784
22.0684 -7.31771
22.0784 -7.28757
22.0883 -7.25742
22.0982 -7.22725
22.108 -7.19707
22.1178 -7.16688
22.1276 -7.13667
22.1373 -7.10645
22.147 -7.07622
22.1566 -7.04597
22.1662 -7.01571
22.1758 -6.98544
22.1853 -6.95515
22.1948 -6.92485
22.2042 -6.89454
22.2136 -6.86422
22.223 -6.83388
22.2323 -6.80353
22.2416 -6.77317
22.2508 -6.74279
22.26 -6.7124
22.2691 -6.682
22.2782 -6.65159
22.2873 -6.62117
22.2963 -6.59073
22.3053 -6.56028
22.3142 -6.52982
22.3231 -6.49934
22.332 -6.46886
22.3408 -6.43836
22.3495 -6.40785
22.3583 -6.37732
22.367 -6.34679
22.3756 -6.31624
22.3842 -6.28568
22.3928 -6.25512
22.4013 -6.22453
22.4098 -6.19394
22.4182 -6.16334
22.4266 -6.13272
22.4349 -6.10209
22.4433 -6.07145
22.4515 -6.0408
22.4598 -6.01014
22.4679 -5.97947
22.4761 -5.94879
22.4842 -5.91809
22.4922 -5.88739
22.5003 -5.85667
22.5082 -5.82594
22.5308 -5.73812
22.5386 -5.70735
22.5464 -5.67657
22.5541 -5.64578
22.5618 -5.61498
22.5694 -5.58416
22.577 -5.55334
22.5846 -5.52251
22.5921 -5.49167
22.5996 -5.46081
22.607 -5.42995
22.6144 -5.39908
22.6218 -5.3682
22.6291 -5.3373
22.6364 -5.3064
22.6436 -5.27549
22.6508 -5.24456
22.6579 -5.21363
22.665 -5.18269
22.6721 -5.15174
22.6791 -5.12077
22.686 -5.0898
22.693 -5.05882
22.6999 -5.02783
22.7067 -4.99683
22.7135 -4.96582
22.7203 -4.93481
22.727 -4.90378
22.7337 -4.87274
22.7403 -4.8417
22.7469 -4.81064
22.7534 -4.77958
22.7599 -4.74851
22.7664 -4.71742
22.7728 -4.68633
22.7792 -4.65524
22.7855 -4.62413
22.7918 -4.59301
22.7981 -4.56189
22.8043 -4.53075
22.8104 -4.49961
22.8166 -4.46846
22.8226 -4.4373
22.8287 -4.40614
22.8347 -4.37496
22.8406 -4.34378
22.8465 -4.31259
22.8524 -4.28139
22.8582 -4.25018
22.864 -4.21897
22.8697 -4.18774
22.8754 -4.15651
22.8811 -4.12527
22.8867 -4.09403
22.8573 -4.07815
22.8291 -4.0554
22.8009 -4.03265
22.7727 -4.00989
22.7444 -3.98714
22.7162 -3.96438
22.6879 -3.94162
22.6597 -3.91885
22.6314 -3.89609
22.6031 -3.87332
22.5748 -3.85055
22.5464 -3.82777
22.5181 -3.805
22.4897 -3.78222
22.4614 -3.75944
22.433 -3.73666
22.4046 -3.71387
22.3762 -3.69108
22.3478 -3.6683
22.3193 -3.6455
22.2909 -3.62271
22.2624 -3.59991
22.2339 -3.57712
22.2054 -3.55431
22.1769 -3.53151
22.1484 -3.50871
22.1199 -3.4859
22.0913 -3.46309
22.0628 -3.44028
22.0342 -3.41746
22.0056 -3.39465
21.977 -3.37183
21.9483 -3.349
21.9197 -3.32618
21.8911 -3.30336
21.8624 -3.28053
21.8337 -3.2577
21.805 -3.23486
21.7763 -3.21203
21.7476 -3.18919
21.7188 -3.16635
21.6901 -3.14351
21.6613 -3.12067
21.6325 -3.09782
21.6037 -3.07497
21.5749 -3.05212
21.546 -3.02927
21.5172 -3.00642
21.4883 -2.98356
21.4594 -2.9607
21.4305 -2.93784
21.4016 -2.91498
21.3727 -2.89211
21.3437 -2.86924
21.3148 -2.84637
21.2858 -2.8235
21.2568 -2.80062
21.2278 -2.77775
21.1987 -2.75487
21.1697 -2.73199
21.1406 -2.7091
21.1115 -2.68622
21.0824 -2.66333
21.0824 -2.66333
21.1163 -2.6484
21.1502 -2.63347
21.184 -2.61853
21.2178 -2.60359
21.2516 -2.58865
21.2854 -2.57371
21.3192 -2.55876
21.353 -2.54382
21.3867 -2.52887
21.4204 -2.51392
21.4542 -2.49897
21.4879 -2.48401
21.5215 -2.46906
21.5552 -2.4541
21.5888 -2.43914
21.6225 -2.42418
21.6561 -2.40921
21.6897 -2.39425
21.7233 -2.37928
21.7568 -2.36431
21.7904 -2.34934
21.8239 -2.33437
21.8574 -2.3194
21.8909 -2.30442
21.9244 -2.28945
21.9579 -2.27447
21.9914 -2.25949
22.0248 -2.24451
22.0582 -2.22953
22.0917 -2.21454
22.1251 -2.19956
22.1584 -2.18457
22.1918 -2.16958
22.2252 -2.15459
22.2585 -2.1396
22.2918 -2.12461
22.3252 -2.10961
22.3584 -2.09461
22.3917 -2.07962
22.425 -2.06462
22.4583 -2.04962
22.4915 -2.03462
22.5247 -2.01962
22.5579 -2.00461
22.5911 -1.98961
22.6243 -1.9746
22.6575 -1.95959
22.6906 -1.94459
22.7238 -1.92958
22.7569 -1.91456
22.79 -1.89955
22.8231 -1.88454
22.8562 -1.86953
22.8893 -1.85451
22.9223 -1.83949
22.9554 -1.82448
22.9884 -1.80946
23.0214 -1.79444
23.0544 -1.77942
23.0874 -1.7644
23.1204 -1.74937
23.1534 -1.73435
23.1858 -1.72629
23.1882 -1.69463
23.1905 -1.66296
23.1927 -1.6313
23.1949 -1.59963
23.1971 -1.56795
23.1992 -1.53628
23.2013 -1.5046
23.2033 -1.47292
23.2053 -1.44124
23.2072 -1.40955
23.2091 -1.37786
23.211 -1.34617
23.2128 -1.31448
23.2146 -1.28278
23.2163 -1.25108
23.218 -1.21938
23.2196 -1.18768
23.2212 -1.15597
23.2228 -1.12426
23.2243 -1.09255
23.2258 -1.06084
23.2272 -1.02913
23.2286 -0.997411
23.2299 -0.965693
23.2312 -0.933974
23.2325 -0.902253
23.2337 -0.87053
23.2349 -0.838805
23.236 -0.807079
23.2371 -0.775351
23.2381 -0.743622
23.2391 -0.711892
23.24 -0.68016
23.241 -0.648427
23.2418 -0.616693
23.2426 -0.584957
23.2434 -0.553221
23.2442 -0.521483
23.2448 -0.489744
23.2455 -0.458005
23.2461 -0.426265
23.2467 -0.394524
23.2472 -0.362782
23.2476 -0.331039
23.2481 -0.299296
23.2485 -0.267553
23.2488 -0.235808
23.2491 -0.204064
23.2494 -0.172319
23.2496 -0.140574
23.2497 -0.108828
23.2499 -0.0770822
23.25 -0.0453362
